0.00000000E+000,-6.44607620E+001,0.00000000E+000
2.50000000E+000,-3.04353809E+000,1.96079235E+001
5.00000000E+000,3.78071404E+000,1.68093979E+000
7.50000000E+000,1.39775968E+000,3.36659646E+000
1.00000000E+001,2.52974391E+000,2.44293928E+000
1.25000000E+001,3.79167700E+000,1.06524140E-001
1.50000000E+001,3.20864248E+000,-2.09429669E+000
1.75000000E+001,4.31369019E+000,-4.04796743E+000
2.00000000E+001,-8.30753446E-002,-1.06412067E+001
2.25000000E+001,-7.69059467E+000,-6.02899837E+000
2.50000000E+001,-6.36591148E+000,-1.64542425E+000
2.75000000E+001,-5.07445860E+000,-9.80803013E-001
3.00000000E+001,-4.64921570E+000,-6.57768667E-001
3.25000000E+001,-4.16851568E+000,-6.14801586E-001
3.50000000E+001,-4.02549219E+000,-5.95219374E-001
3.75000000E+001,-3.83856845E+000,-4.32616681E-001
4.00000000E+001,-3.68716669E+000,-3.67726058E-001
4.25000000E+001,-3.51526999E+000,-2.19515607E-001
4.50000000E+001,-3.37540150E+000,-1.89902306E-001
4.75000000E+001,-3.38612795E+000,-1.30641803E-001
5.00000000E+001,-3.29786944E+000,-6.10266328E-002
5.25000000E+001,-3.28553200E+000,-1.07759915E-001
5.50000000E+001,-3.27390647E+000,-9.85989347E-002
5.75000000E+001,-3.27436757E+000,-1.21436052E-001
6.00000000E+001,-3.22702122E+000,-1.28753975E-001
6.25000000E+001,-3.17631149E+000,-1.38189659E-001
6.50000000E+001,-3.14777374E+000,-1.39060855E-001
6.75000000E+001,-3.11514854E+000,-1.51498869E-001
7.00000000E+001,-3.14776683E+000,-7.40132332E-002
7.25000000E+001,-3.09516144E+000,-2.64723115E-002
7.50000000E+001,-3.12836051E+000,-3.77802439E-002
7.75000000E+001,-3.13786054E+000,2.40157098E-002
8.00000000E+001,-3.12909651E+000,2.51430506E-003
8.25000000E+001,-3.12157702E+000,5.54225454E-003
8.50000000E+001,-3.08720469E+000,-2.40742769E-002
8.75000000E+001,-3.06502581E+000,-5.61807081E-002
9.00000000E+001,-3.10086513E+000,-7.23426789E-002
9.25000000E+001,-3.05517149E+000,-2.24024579E-002
9.50000000E+001,-3.05890727E+000,-1.90645847E-002
9.75000000E+001,-3.02826476E+000,2.43782774E-002
1.00000000E+002,-3.02546477E+000,2.03863140E-002
1.02500000E+002,-3.02786064E+000,5.73884249E-002
1.05000000E+002,-2.97829390E+000,2.29897015E-002
1.07500000E+002,-3.02369666E+000,-1.09672341E-002
1.10000000E+002,-3.01550794E+000,6.13849377E-003
1.12500000E+002,-2.99192333E+000,1.45634925E-002
1.15000000E+002,-2.93358016E+000,-2.00159810E-002
1.17500000E+002,-2.96853042E+000,-1.67060532E-002
1.20000000E+002,-2.94076705E+000,-1.10491123E-002
1.22500000E+002,-2.95556307E+000,2.19032709E-002
1.25000000E+002,-2.91811943E+000,2.56055165E-002
1.27500000E+002,-2.94447565E+000,-9.39277466E-003
1.30000000E+002,-2.99054861E+000,-3.42080207E-003
1.32500000E+002,-2.96199703E+000,2.09117867E-002
1.35000000E+002,-2.96196103E+000,-3.92820202E-002
1.37500000E+002,-3.01193953E+000,-9.52568557E-003
1.40000000E+002,-2.93470716E+000,3.79872741E-003
1.42500000E+002,-2.93002963E+000,-3.40273641E-002
1.45000000E+002,-2.93652749E+000,-1.80349778E-002
1.47500000E+002,-2.91557717E+000,-2.21093912E-002
1.50000000E+002,-2.93892860E+000,-2.80617084E-002
1.52500000E+002,-2.93856096E+000,3.86905633E-002
1.55000000E+002,-2.86225224E+000,3.93623263E-002
1.57500000E+002,-2.87746930E+000,-3.24434927E-003
1.60000000E+002,-2.60507345E+000,1.12441547E-001
1.62500000E+002,-2.43231940E+000,-8.59698534E-001
1.65000000E+002,-3.81583095E+000,-6.58231974E-001
1.67500000E+002,-3.34624624E+000,1.68885827E-001
1.70000000E+002,-3.22262263E+000,-3.61735895E-002
1.72500000E+002,-3.24351406E+000,9.57359001E-002
1.75000000E+002,-3.13807893E+000,8.54524449E-002
1.77500000E+002,-3.13210154E+000,5.02232015E-002
1.80000000E+002,-3.15748763E+000,5.20439968E-002
1.82500000E+002,-3.14977598E+000,4.73541617E-002
1.85000000E+002,-3.15833497E+000,3.20027135E-002
1.87500000E+002,-3.15057898E+000,4.16545682E-002
1.90000000E+002,-3.13890982E+000,1.74895371E-003
1.92500000E+002,-3.20202994E+000,2.51393090E-003
1.95000000E+002,-3.19185710E+000,7.32438713E-002
1.97500000E+002,-3.15519333E+000,7.23531768E-002
2.00000000E+002,-3.19037628E+000,7.78318048E-002
2.02500000E+002,-3.17628860E+000,8.38183984E-002
2.05000000E+002,-3.25788665E+000,5.94912060E-002
2.07500000E+002,-3.28121710E+000,1.48816586E-001
2.10000000E+002,-3.25931096E+000,7.04415515E-002
2.12500000E+002,-3.41667700E+000,1.14576593E-001
2.15000000E+002,-3.31880951E+000,1.61793664E-001
2.17500000E+002,-3.48885012E+000,4.12484258E-002
2.20000000E+002,-3.52658200E+000,2.43929863E-001
2.22500000E+002,-3.55449176E+000,-8.35222844E-003
2.25000000E+002,-4.03037119E+000,2.54278272E-001
2.27500000E+002,-3.74352479E+000,2.34147042E-001
2.30000000E+002,-4.87642479E+000,-4.05915156E-002
2.32500000E+002,-4.71126461E+000,1.22633326E+000
2.35000000E+002,-6.84363985E+000,-1.30141342E+000
2.37500000E+002,-1.27145262E+001,9.94306850E+000
2.40000000E+002,7.37343597E+000,1.23312111E+001
2.42500000E+002,3.33716488E+000,-2.29214811E+000
2.45000000E+002,-6.02701843E-001,6.26374483E-001
2.47500000E+002,-4.52871993E-002,-2.94510275E-001
2.50000000E+002,-1.34097528E+000,-1.36359602E-001
2.52500000E+002,-1.04891551E+000,5.52828088E-002
2.55000000E+002,-1.47290623E+000,-2.27486327E-001
2.57500000E+002,-1.48299706E+000,6.50740266E-002
2.60000000E+002,-1.50555205E+000,-1.67919949E-001
2.62500000E+002,-1.62401450E+000,1.18305935E-002
2.65000000E+002,-1.48045075E+000,-8.64068940E-002
2.67500000E+002,-1.55874598E+000,1.86974816E-002
2.70000000E+002,-1.19731891E+000,-3.54762450E-002
2.72500000E+002,-1.34250748E+000,-1.06111310E-001
2.75000000E+002,-5.44447541E-001,1.80438101E-001
2.77500000E+002,-4.48181450E-001,-7.29717076E-001
2.80000000E+002,1.40788114E+000,1.04509687E+000
2.82500000E+002,6.29477835E+000,-7.93266582E+000
2.85000000E+002,-9.37147522E+000,-1.09365053E+001
2.87500000E+002,-7.94572544E+000,6.38166726E-001
2.90000000E+002,-4.48770618E+000,-7.49479890E-001
2.92500000E+002,-4.86339140E+000,-1.15821898E-001
2.95000000E+002,-3.81913948E+000,-1.91740692E-002
2.97500000E+002,-3.93778634E+000,-1.96635291E-001
3.00000000E+002,-3.65325594E+000,7.10009933E-002
3.02500000E+002,-3.52990389E+000,-1.16409600E-001
3.05000000E+002,-3.55133748E+000,1.05529232E-002
3.07500000E+002,-3.38254118E+000,-2.20357254E-002
3.10000000E+002,-3.40812397E+000,-6.81794509E-002
3.12500000E+002,-3.34090662E+000,2.52977549E-003
3.15000000E+002,-3.27765274E+000,-6.39908686E-002
3.17500000E+002,-3.30372667E+000,-2.82367840E-002
3.20000000E+002,-3.26043940E+000,-8.04199651E-003
3.22500000E+002,-3.25857115E+000,-5.17565478E-003
3.25000000E+002,-3.24611044E+000,2.11230479E-002
3.27500000E+002,-3.22988677E+000,1.95129607E-002
3.30000000E+002,-3.23509955E+000,1.02777658E-002
3.32500000E+002,-3.24797440E+000,-2.65292707E-003
3.35000000E+002,-3.26145101E+000,-1.12954108E-003
3.37500000E+002,-3.27644610E+000,-4.85975877E-004
3.40000000E+002,-3.24455905E+000,9.78013501E-003
3.42500000E+002,-3.27034497E+000,-3.32674608E-002
3.45000000E+002,-3.30065513E+000,9.86216124E-003
3.47500000E+002,-3.28927946E+000,8.76426324E-003
3.50000000E+002,-3.34165573E+000,1.25104757E-002
3.52500000E+002,-3.34605360E+000,5.46204224E-002
3.55000000E+002,-3.38655019E+000,-4.35412023E-003
3.57500000E+002,-3.47939181E+000,6.32564873E-002
3.60000000E+002,-3.40793157E+000,5.06548397E-002
3.62500000E+002,-3.54048324E+000,-2.13799234E-002
3.65000000E+002,-3.55531430E+000,6.10460229E-002
3.67500000E+002,-3.62003636E+000,-5.64606450E-002
3.70000000E+002,-3.75655317E+000,8.34226608E-002
3.72500000E+002,-3.68255472E+000,4.00099009E-002
3.75000000E+002,-3.93690372E+000,1.79067289E-003
3.77500000E+002,-3.91488290E+000,1.82273090E-001
3.80000000E+002,-4.03404284E+000,-6.01307079E-002
3.82500000E+002,-4.40907812E+000,1.52493194E-001
3.85000000E+002,-4.27770948E+000,1.12415396E-001
3.87500000E+002,-4.88551188E+000,1.45696690E-002
3.90000000E+002,-4.84722805E+000,4.26904380E-001
3.92500000E+002,-5.32818985E+000,-2.44997919E-001
3.95000000E+002,-6.36552382E+000,6.69037223E-001
3.97500000E+002,-6.00207472E+000,1.69486836E-001
4.00000000E+002,-9.32011318E+000,3.68394941E-001
4.02500000E+002,-8.61152554E+000,2.49918723E+000
4.05000000E+002,-1.90821800E+001,-8.76068354E-001
4.07500000E+002,-2.30864906E+001,3.47312469E+001
4.10000000E+002,2.55884781E+001,2.64297256E+001
4.12500000E+002,1.20244198E+001,-2.71892738E+000
4.15000000E+002,6.31630898E+000,2.48711991E+000
4.17500000E+002,6.06540108E+000,-3.36418867E+000
4.20000000E+002,-7.45607495E-001,-1.63129675E+000
4.22500000E+002,1.08507085E+000,5.68129301E-001
4.25000000E+002,2.53710091E-001,-4.82696295E-001
4.27500000E+002,1.17067508E-001,3.83384436E-001
4.30000000E+002,1.68247774E-001,-2.12576598E-001
4.32500000E+002,-4.19988930E-001,5.73659018E-002
4.35000000E+002,-1.78286597E-001,5.21278940E-002
4.37500000E+002,-5.59021175E-001,-1.15153030E-001
4.40000000E+002,-5.55718899E-001,1.06972158E-001
4.42500000E+002,-6.14528835E-001,-1.15746364E-001
4.45000000E+002,-8.19996595E-001,2.67434437E-002
4.47500000E+002,-7.15479672E-001,-9.85315163E-003
4.50000000E+002,-9.01407063E-001,-7.27674738E-002
4.52500000E+002,-8.84286821E-001,3.29657458E-002
4.55000000E+002,-9.25833642E-001,-7.61285052E-002
4.57500000E+002,-1.00893581E+000,7.17843324E-003
4.60000000E+002,-9.59696949E-001,-3.12821567E-002
4.62500000E+002,-1.05911338E+000,-4.80308272E-002
4.65000000E+002,-1.02228677E+000,1.09562678E-002
4.67500000E+002,-1.03735685E+000,-7.91435540E-002
4.70000000E+002,-1.10451412E+000,-2.24812105E-002
4.72500000E+002,-1.04538250E+000,-3.39317583E-002
4.75000000E+002,-1.10472786E+000,-5.15482016E-002
4.77500000E+002,-1.06857359E+000,-2.11857539E-002
4.80000000E+002,-1.09373772E+000,-8.18857476E-002
4.82500000E+002,-1.12409139E+000,-2.65590437E-002
4.85000000E+002,-1.08344173E+000,-4.89322692E-002
4.87500000E+002,-1.13422513E+000,-4.54388261E-002
4.90000000E+002,-1.08247948E+000,-1.48344534E-002
4.92500000E+002,-1.08538008E+000,-6.14109337E-002
4.95000000E+002,-1.09539807E+000,-1.89081635E-002
4.97500000E+002,-1.04080880E+000,-3.07669155E-002
5.00000000E+002,-1.06637847E+000,-4.41984124E-002
5.02500000E+002,-1.03673136E+000,-1.79869924E-002
5.05000000E+002,-1.02545810E+000,-3.89952846E-002
5.07500000E+002,-1.02219582E+000,-1.25638274E-002
5.10000000E+002,-9.85649288E-001,-2.79776771E-002
5.12500000E+002,-9.91147757E-001,-1.74464379E-002
5.15000000E+002,-9.27782178E-001,-1.44161414E-002
5.17500000E+002,-9.19095099E-001,-5.22144213E-002
5.20000000E+002,-9.05342400E-001,-3.94146033E-002
5.22500000E+002,-8.78297865E-001,-5.79519160E-002
5.25000000E+002,-8.73555720E-001,-3.33750881E-002
5.27500000E+002,-8.21213841E-001,-3.82886678E-002
5.30000000E+002,-8.18942189E-001,-4.41887155E-002
5.32500000E+002,-7.76089549E-001,-1.55301625E-002
5.35000000E+002,-7.36353099E-001,-3.32114510E-002
5.37500000E+002,-7.10613728E-001,-2.38285512E-002
5.40000000E+002,-6.62487388E-001,-3.00362706E-002
5.42500000E+002,-6.41104460E-001,-4.07021940E-002
5.45000000E+002,-5.90472758E-001,-1.92907546E-002
5.47500000E+002,-5.44985414E-001,-5.80782928E-002
5.50000000E+002,-5.22732615E-001,-3.32534909E-002
5.52500000E+002,-4.59405601E-001,-4.33258638E-002
5.55000000E+002,-4.23190504E-001,-5.23916259E-002
5.57500000E+002,-3.70421588E-001,-5.36082312E-002
5.60000000E+002,-3.40206712E-001,-6.09800778E-002
5.62500000E+002,-2.87474811E-001,-4.52738032E-002
5.65000000E+002,-2.33176097E-001,-7.33744130E-002
5.67500000E+002,-2.14435622E-001,-4.80138473E-002
5.70000000E+002,-1.14082217E-001,-2.88917609E-002
5.72500000E+002,-6.50046319E-002,-6.84996024E-002
5.75000000E+002,-1.58213228E-002,-4.54570130E-002
5.77500000E+002,7.48978928E-002,-6.10424541E-002
5.80000000E+002,1.06966712E-001,-6.79417998E-002
5.82500000E+002,1.98285118E-001,-4.95513901E-002
5.85000000E+002,2.58648723E-001,-7.71703944E-002
5.87500000E+002,3.26537997E-001,-5.61303832E-002
5.90000000E+002,4.18973505E-001,-7.75499940E-002
5.92500000E+002,4.70770925E-001,-7.09568411E-002
5.95000000E+002,5.79981565E-001,-5.68386205E-002
5.97500000E+002,6.63136363E-001,-8.47103596E-002
6.00000000E+002,7.49101281E-001,-5.95022291E-002
6.02500000E+002,8.62837315E-001,-8.31395090E-002
6.05000000E+002,9.41046596E-001,-8.03173855E-002
6.07500000E+002,1.07228756E+000,-7.05475584E-002
6.10000000E+002,1.15508151E+000,-1.02208436E-001
6.12500000E+002,1.28927886E+000,-7.16786087E-002
6.15000000E+002,1.41531599E+000,-1.17370285E-001
6.17500000E+002,1.50820446E+000,-9.03813839E-002
6.20000000E+002,1.69687021E+000,-1.10418573E-001
6.22500000E+002,1.78330266E+000,-1.60402983E-001
6.25000000E+002,1.93733442E+000,-1.05319083E-001
6.27500000E+002,2.10373735E+000,-1.69359073E-001
6.30000000E+002,2.23536611E+000,-1.35770142E-001
6.32500000E+002,2.46858335E+000,-1.55171245E-001
6.35000000E+002,2.59468508E+000,-1.92247212E-001
6.37500000E+002,2.82867455E+000,-1.57750368E-001
6.40000000E+002,3.00791883E+000,-2.42009178E-001
6.42500000E+002,3.17340612E+000,-1.83888078E-001
6.45000000E+002,3.43900681E+000,-2.53323436E-001
6.47500000E+002,3.56943488E+000,-2.34409690E-001
6.50000000E+002,3.91637373E+000,-1.74255833E-001
6.52500000E+002,4.21033239E+000,-3.12843382E-001
6.55000000E+002,4.37314892E+000,-3.26611161E-001
6.57500000E+002,4.62941504E+000,-2.42449448E-001
6.60000000E+002,5.03621960E+000,-1.33823708E-001
6.62500000E+002,5.55417395E+000,-1.54551670E-001
6.65000000E+002,5.92634392E+000,-3.16075951E-001
6.67500000E+002,6.27016258E+000,-2.51667023E-001
6.70000000E+002,6.79618502E+000,-3.36558253E-001
6.72500000E+002,7.15520811E+000,-3.75269085E-001
6.75000000E+002,7.75912905E+000,-3.00256193E-001
6.77500000E+002,8.29468727E+000,-4.42176312E-001
6.80000000E+002,8.91370487E+000,-3.03058773E-001
6.82500000E+002,9.79483414E+000,-5.32118917E-001
6.85000000E+002,1.03101740E+001,-6.59706175E-001
6.87500000E+002,1.12994585E+001,-5.15298545E-001
6.90000000E+002,1.21594229E+001,-9.29587662E-001
6.92500000E+002,1.29605694E+001,-6.63483322E-001
6.95000000E+002,1.43489141E+001,-8.52459311E-001
6.97500000E+002,1.52877522E+001,-8.27902198E-001
7.00000000E+002,1.71752300E+001,-6.61927640E-001
7.02500000E+002,1.85202827E+001,-1.30767345E+000
7.05000000E+002,1.97269802E+001,-5.63252747E-001
7.07500000E+002,2.18497581E+001,5.23809455E-002
7.10000000E+002,2.19465351E+001,1.45561767E+000
7.12500000E+002,2.04649296E+001,1.47578220E+001
7.15000000E+002,5.05904388E+001,3.98261795E+001
7.17500000E+002,1.02314491E+002,1.87940769E+001
7.20000000E+002,1.19884087E+002,-2.29207325E+001
7.22500000E+002,1.43031204E+002,-4.51872749E+001
7.25000000E+002,2.09100357E+002,-1.63502289E+002
7.27500000E+002,2.13595467E+001,-3.52680450E+002
7.30000000E+002,-1.96339844E+002,-1.88786789E+002
7.32500000E+002,-1.36019348E+002,-5.44194374E+001
7.35000000E+002,-1.04673012E+002,-3.52461433E+001
7.37500000E+002,-8.13147812E+001,-1.33834219E+001
7.40000000E+002,-6.41676865E+001,-1.26470213E+001
7.42500000E+002,-5.69746513E+001,-6.87697172E+000
7.45000000E+002,-4.63042259E+001,-5.11297607E+000
7.47500000E+002,-4.23611984E+001,-5.32697153E+000
7.50000000E+002,-3.73024521E+001,-3.07532883E+000
7.52500000E+002,-3.35286102E+001,-3.72219706E+000
7.55000000E+002,-3.10568542E+001,-2.95223165E+000
7.57500000E+002,-2.84805202E+001,-4.08197165E+000
7.60000000E+002,-2.91225166E+001,-3.96404576E+000
7.62500000E+002,-2.76155109E+001,-1.98460555E+000
7.65000000E+002,-2.61770287E+001,-1.84236419E+000
7.67500000E+002,-2.48103447E+001,-8.83049190E-001
7.70000000E+002,-2.32231388E+001,-1.12429857E+000
7.72500000E+002,-2.25441246E+001,-9.75005269E-001
7.75000000E+002,-2.10867558E+001,-7.82098055E-001
7.77500000E+002,-2.04738865E+001,-1.25203228E+000
7.80000000E+002,-1.99302330E+001,-7.11646199E-001
7.82500000E+002,-1.88659286E+001,-7.07308471E-001
7.85000000E+002,-1.84058800E+001,-7.67060637E-001
7.87500000E+002,-1.79474030E+001,-6.02827668E-001
7.90000000E+002,-1.74275017E+001,-4.69749451E-001
7.92500000E+002,-1.68529110E+001,-2.71526545E-001
7.95000000E+002,-1.62349586E+001,-5.78450441E-001
7.97500000E+002,-1.61611691E+001,-4.79336411E-001
8.00000000E+002,-1.54938421E+001,-4.71346825E-001
8.02500000E+002,-1.54760218E+001,-6.94288313E-001
8.05000000E+002,-1.51037178E+001,-2.48012021E-001
8.07500000E+002,-1.46331587E+001,-3.47155869E-001
8.10000000E+002,-1.44065723E+001,-4.05102491E-001
8.12500000E+002,-1.42434750E+001,-4.28165019E-001
8.15000000E+002,-1.39433050E+001,-3.32093626E-001
8.17500000E+002,-1.38102732E+001,-3.77690107E-001
8.20000000E+002,-1.35792055E+001,-3.40398937E-001
8.22500000E+002,-1.34936152E+001,-2.58342326E-001
8.25000000E+002,-1.30919504E+001,-9.04008970E-002
8.27500000E+002,-1.29366608E+001,-3.20942581E-001
8.30000000E+002,-1.30502357E+001,1.27300009E-001
8.32500000E+002,-1.23146753E+001,4.67303932E-001
8.35000000E+002,-1.18663054E+001,1.39686778E-001
8.37500000E+002,-1.17042847E+001,6.12747036E-002
8.40000000E+002,-1.15043859E+001,-2.09057126E-002
8.42500000E+002,-1.14675760E+001,-1.13597393E-001
8.45000000E+002,-1.13054447E+001,8.75567645E-002
8.47500000E+002,-1.10210934E+001,-2.52408292E-002
8.50000000E+002,-1.08979473E+001,-5.14343195E-002
8.52500000E+002,-1.06594038E+001,-1.38585702E-001
8.55000000E+002,-1.06216545E+001,-1.92149371E-001
8.57500000E+002,-1.03511448E+001,-1.95880562E-001
8.60000000E+002,-1.02124701E+001,-2.47171581E-001
8.62500000E+002,-1.00167303E+001,-3.25879127E-001
8.65000000E+002,-9.87954807E+000,-3.38569731E-001
8.67500000E+002,-9.67959785E+000,-4.19788659E-001
8.70000000E+002,-9.44962883E+000,-2.74451733E-001
8.72500000E+002,-9.12927341E+000,-3.78211260E-001
8.75000000E+002,-8.98833179E+000,-4.18210566E-001
8.77500000E+002,-8.48897266E+000,-3.45944166E-001
8.80000000E+002,-8.13337040E+000,-5.32055378E-001
8.82500000E+002,-7.68397188E+000,-5.63274086E-001
8.85000000E+002,-7.13122034E+000,-7.91264236E-001
8.87500000E+002,-6.68289948E+000,-1.05800700E+000
8.90000000E+002,-5.77106142E+000,-1.24268222E+000
8.92500000E+002,-4.84198666E+000,-1.83445227E+000
8.95000000E+002,-3.49338531E+000,-2.44686556E+000
8.97500000E+002,-1.28820813E+000,-4.17685413E+000
9.00000000E+002,1.11173141E+000,-6.93383074E+000
9.02500000E+002,4.77682304E+000,-1.67264214E+001
9.05000000E+002,-8.79441261E+000,-3.14866581E+001
9.07500000E+002,-2.80324135E+001,-2.10002480E+001
9.10000000E+002,-2.60412006E+001,-7.54182291E+000
9.12500000E+002,-2.25810833E+001,-4.45097494E+000
9.15000000E+002,-2.03625278E+001,-1.51243079E+000
9.17500000E+002,-1.79576969E+001,-1.12523091E+000
9.20000000E+002,-1.72422676E+001,-8.79127622E-001
9.22500000E+002,-1.60867386E+001,-4.03799355E-001
9.25000000E+002,-1.54712620E+001,-4.51724470E-001
9.27500000E+002,-1.52297001E+001,-2.80803680E-001
9.30000000E+002,-1.46795464E+001,6.40651137E-002
9.32500000E+002,-1.42868862E+001,-1.16358912E-002
9.35000000E+002,-1.40867538E+001,1.35155946E-001
9.37500000E+002,-1.36279106E+001,3.19911331E-001
9.40000000E+002,-1.34735909E+001,7.66723230E-002
9.42500000E+002,-1.34899216E+001,1.07665733E-001
9.45000000E+002,-1.31502743E+001,2.49191761E-001
9.47500000E+002,-1.30062408E+001,8.80580470E-002
9.50000000E+002,-1.27865248E+001,2.56435603E-001
9.52500000E+002,-1.26230049E+001,-1.08488537E-001
9.55000000E+002,-1.27794247E+001,2.70929895E-002
9.57500000E+002,-1.26033354E+001,3.09163146E-002
9.60000000E+002,-1.25448170E+001,1.87773958E-001
9.62500000E+002,-1.23862257E+001,9.08044204E-002
9.65000000E+002,-1.23782816E+001,1.95645794E-001
9.67500000E+002,-1.22611952E+001,1.70834772E-002
9.70000000E+002,-1.22958393E+001,1.87882513E-001
9.72500000E+002,-1.19564714E+001,1.81435719E-001
9.75000000E+002,-1.20417891E+001,-1.76782217E-002
9.77500000E+002,-1.20308800E+001,1.74930528E-001
9.80000000E+002,-1.19694805E+001,1.42199770E-001
9.82500000E+002,-1.20616617E+001,3.02529633E-001
9.85000000E+002,-1.19062529E+001,3.91742885E-001
9.87500000E+002,-1.18500633E+001,3.50193948E-001
9.90000000E+002,-1.18680334E+001,2.51092553E-001
9.92500000E+002,-1.18867121E+001,3.68143469E-001
9.95000000E+002,-1.17046995E+001,3.19067359E-001
9.97500000E+002,-1.15748911E+001,1.36429414E-001
1.00000000E+003,-1.17132292E+001,-4.65703802E-003
1.00250000E+003,-1.18008862E+001,1.54769719E-001
1.00500000E+003,-1.16200323E+001,1.32593408E-001
1.00750000E+003,-1.16471128E+001,9.77407862E-003
1.01000000E+003,-1.18074713E+001,1.54082000E-001
1.01250000E+003,-1.16077785E+001,3.78509939E-001
1.01500000E+003,-1.14429035E+001,1.65906072E-001
1.01750000E+003,-1.16664181E+001,5.65857850E-002
1.02000000E+003,-1.17075338E+001,1.56277254E-001
1.02250000E+003,-1.19000454E+001,2.80681938E-001
1.02500000E+003,-1.16768885E+001,6.32492363E-001
1.02750000E+003,-1.15251427E+001,5.76669574E-001
1.03000000E+003,-1.14585638E+001,4.76410329E-001
1.03250000E+003,-1.16379089E+001,3.66957694E-001
1.03500000E+003,-1.17358828E+001,5.45763314E-001
1.03750000E+003,-1.16560745E+001,4.65537459E-001
1.04000000E+003,-1.18910608E+001,4.57254976E-001
1.04250000E+003,-1.17578135E+001,6.37220800E-001
1.04500000E+003,-1.16705780E+001,3.75902653E-001
1.04750000E+003,-1.17888250E+001,3.60806108E-001
1.05000000E+003,-1.16390791E+001,3.50965738E-001
1.05250000E+003,-1.17060366E+001,2.73318589E-001
1.05500000E+003,-1.16688395E+001,3.36895883E-001
1.05750000E+003,-1.15273609E+001,2.24449113E-001
1.06000000E+003,-1.18229713E+001,9.25064981E-002
1.06250000E+003,-1.17804203E+001,3.90559256E-001
1.06500000E+003,-1.17278461E+001,3.18844676E-001
1.06750000E+003,-1.16741228E+001,1.74730793E-001
1.07000000E+003,-1.18813400E+001,1.12400562E-001
1.07250000E+003,-1.19008675E+001,3.50186080E-001
1.07500000E+003,-1.16143665E+001,2.85711080E-001
1.07750000E+003,-1.16338606E+001,6.55376837E-002
1.08000000E+003,-1.20291281E+001,1.69581175E-001
1.08250000E+003,-1.17718267E+001,5.46439230E-001
1.08500000E+003,-1.17094984E+001,4.14120704E-001
1.08750000E+003,-1.17231550E+001,4.53117102E-001
1.09000000E+003,-1.17773771E+001,2.78582931E-001
1.09250000E+003,-1.19690065E+001,4.60532308E-001
1.09500000E+003,-1.18599873E+001,3.77378106E-001
1.09750000E+003,-1.21158581E+001,3.11802924E-001
1.10000000E+003,-1.19522266E+001,4.89706218E-001
1.10250000E+003,-1.18935690E+001,8.81468654E-002
1.10500000E+003,-1.23185263E+001,1.64053753E-001
1.10750000E+003,-1.22700672E+001,4.66683686E-001
1.11000000E+003,-1.21497717E+001,4.92641896E-001
1.11250000E+003,-1.22967453E+001,3.94866526E-001
1.11500000E+003,-1.22462759E+001,5.65100014E-001
1.11750000E+003,-1.22218933E+001,3.46350163E-001
1.12000000E+003,-1.24822445E+001,3.64946723E-001
1.12250000E+003,-1.23597221E+001,4.89414662E-001
1.12500000E+003,-1.24885483E+001,1.82390615E-001
1.12750000E+003,-1.27682924E+001,4.91431117E-001
1.13000000E+003,-1.25077248E+001,5.57127237E-001
1.13250000E+003,-1.25235415E+001,7.67176032E-001
1.13500000E+003,-1.20734797E+001,5.62253177E-001
1.13750000E+003,-1.24969330E+001,4.36994582E-002
1.14000000E+003,-1.29628735E+001,3.83346647E-001
1.14250000E+003,-1.28582468E+001,5.52719474E-001
1.14500000E+003,-1.27319098E+001,4.83363062E-001
1.14750000E+003,-1.28146324E+001,1.81156263E-001
1.15000000E+003,-1.30520878E+001,2.84946889E-001
1.15250000E+003,-1.28449717E+001,3.27793807E-001
1.15500000E+003,-1.28364458E+001,1.50200337E-001
1.15750000E+003,-1.29028797E+001,2.98496008E-001
1.16000000E+003,-1.26008587E+001,4.25425202E-001
1.16250000E+003,-1.23519764E+001,2.91623145E-001
1.16500000E+003,-1.20829992E+001,1.61615640E-001
1.16750000E+003,-1.18552570E+001,-3.45306367E-001
1.17000000E+003,-1.08564272E+001,-6.95264459E-001
1.17250000E+003,-9.59363365E+000,-5.15406132E+000
1.17500000E+003,-1.70724392E+001,-8.61674213E+000
1.17750000E+003,-2.08382645E+001,-2.09195948E+000
1.18000000E+003,-1.75706730E+001,1.98317260E-001
1.18250000E+003,-1.71099224E+001,1.17196947E-001
1.18500000E+003,-1.63876953E+001,4.79121596E-001
1.18750000E+003,-1.62887459E+001,1.09667182E-001
1.19000000E+003,-1.65727005E+001,5.17998755E-001
1.19250000E+003,-1.62500973E+001,5.03806233E-001
1.19500000E+003,-1.67172451E+001,3.90811890E-001
1.19750000E+003,-1.67190895E+001,8.00831079E-001
1.20000000E+003,-1.65088081E+001,4.90461141E-001
1.20250000E+003,-1.68060741E+001,4.03464198E-001
1.20500000E+003,-1.67678337E+001,3.35763782E-001
1.20750000E+003,-1.69200535E+001,2.59694576E-001
1.21000000E+003,-1.68071079E+001,3.30828190E-001
1.21250000E+003,-1.69148121E+001,4.03065175E-001
1.21500000E+003,-1.68394051E+001,3.59438449E-001
1.21750000E+003,-1.70110722E+001,4.78079826E-001
1.22000000E+003,-1.70716534E+001,4.63064224E-001
1.22250000E+003,-1.72497711E+001,4.38055933E-001
1.22500000E+003,-1.75851440E+001,3.52498144E-001
1.22750000E+003,-1.79125919E+001,3.44869643E-001
1.23000000E+003,-1.81311569E+001,3.69939804E-001
1.23250000E+003,-1.84281235E+001,5.55286825E-001
1.23500000E+003,-1.82894001E+001,6.18674994E-001
1.23750000E+003,-1.84753971E+001,2.07502604E-001
1.24000000E+003,-1.87401943E+001,2.95995802E-001
1.24250000E+003,-1.91476536E+001,2.74768978E-001
1.24500000E+003,-1.93324127E+001,7.18998015E-001
1.24750000E+003,-1.90525341E+001,5.32775521E-001
1.25000000E+003,-2.00491199E+001,9.04195830E-002
1.25250000E+003,-2.05471458E+001,-7.18454421E-002
1.25500000E+003,-2.69032917E+001,3.69126275E-002
1.25750000E+003,-2.53722725E+001,1.54142618E+001
1.26000000E+003,-7.15295219E+000,1.01078701E+001
1.26250000E+003,-1.21270523E+001,-4.12661761E-001
1.26500000E+003,-1.48648987E+001,6.34883523E-001
1.26750000E+003,-1.54377556E+001,-2.36630902E-001
1.27000000E+003,-1.69019165E+001,-3.31239030E-002
1.27250000E+003,-1.65608444E+001,6.21804893E-001
1.27500000E+003,-1.65617390E+001,6.85142800E-002
1.27750000E+003,-1.68850613E+001,-7.12634623E-002
