0.00000000E+000,-9.70094147E+001,0.00000000E+000
2.50000000E+000,8.62978458E+000,1.46084232E+001
5.00000000E+000,3.73707986E+000,1.02237105E+000
7.50000000E+000,1.96206534E+000,2.67205024E+000
1.00000000E+001,3.89901328E+000,5.91385603E-001
1.25000000E+001,2.04671979E+000,-1.23505604E+000
1.50000000E+001,3.13929772E+000,-1.06133354E+000
1.75000000E+001,1.79626727E+000,-5.37609291E+000
2.00000000E+001,-2.94007683E+000,-3.60879827E+000
2.25000000E+001,-2.04588795E+000,-1.14510989E+000
2.50000000E+001,-1.69229603E+000,-1.06133854E+000
2.75000000E+001,-1.41111600E+000,-7.15983033E-001
3.00000000E+001,-1.28777087E+000,-8.70543778E-001
3.25000000E+001,-1.34945297E+000,-7.66268373E-001
3.50000000E+001,-1.25630713E+000,-8.12128127E-001
3.75000000E+001,-1.36370611E+000,-6.89440966E-001
4.00000000E+001,-1.24733508E+000,-5.91663003E-001
4.25000000E+001,-1.22742212E+000,-6.36723757E-001
4.50000000E+001,-1.21644175E+000,-6.00759506E-001
4.75000000E+001,-1.20338118E+000,-6.67861640E-001
5.00000000E+001,-1.28219569E+000,-6.42837644E-001
5.25000000E+001,-1.26652122E+000,-6.35318935E-001
5.50000000E+001,-1.33824301E+000,-6.74824297E-001
5.75000000E+001,-1.37580431E+000,-6.04321897E-001
6.00000000E+001,-1.37938070E+000,-5.95049143E-001
6.25000000E+001,-1.40829790E+000,-5.21529019E-001
6.50000000E+001,-1.37188721E+000,-5.06323218E-001
6.75000000E+001,-1.44054747E+000,-4.73927438E-001
7.00000000E+001,-1.37963796E+000,-3.98308516E-001
7.25000000E+001,-1.37222755E+000,-4.16488767E-001
7.50000000E+001,-1.39435077E+000,-3.62466335E-001
7.75000000E+001,-1.34821355E+000,-3.38331878E-001
8.00000000E+001,-1.34309924E+000,-3.29450011E-001
8.25000000E+001,-1.30134797E+000,-3.09629589E-001
8.50000000E+001,-1.29952478E+000,-3.11650246E-001
8.75000000E+001,-1.27216804E+000,-2.71154881E-001
9.00000000E+001,-1.25109410E+000,-2.91586161E-001
9.25000000E+001,-1.28173316E+000,-2.49852374E-001
9.50000000E+001,-1.21755159E+000,-2.14231685E-001
9.75000000E+001,-1.20737338E+000,-2.25787163E-001
1.00000000E+002,-1.18313599E+000,-1.90017119E-001
1.02500000E+002,-1.13475609E+000,-2.08313882E-001
1.05000000E+002,-1.12465429E+000,-1.87059656E-001
1.07500000E+002,-1.05564141E+000,-1.80790544E-001
1.10000000E+002,-1.04738522E+000,-1.98137030E-001
1.12500000E+002,-1.00079310E+000,-1.64957985E-001
1.15000000E+002,-9.66683388E-001,-2.04925761E-001
1.17500000E+002,-9.76557136E-001,-1.76471680E-001
1.20000000E+002,-9.12285626E-001,-1.88267410E-001
1.22500000E+002,-9.46288705E-001,-2.17506588E-001
1.25000000E+002,-8.95953476E-001,-1.61770672E-001
1.27500000E+002,-8.58147740E-001,-2.15577811E-001
1.30000000E+002,-8.55850339E-001,-1.62729606E-001
1.32500000E+002,-7.54321575E-001,-2.00487792E-001
1.35000000E+002,-8.02866101E-001,-2.17686489E-001
1.37500000E+002,-7.24128783E-001,-1.52279675E-001
1.40000000E+002,-6.98653579E-001,-2.15408891E-001
1.42500000E+002,-7.11600602E-001,-1.41874552E-001
1.45000000E+002,-5.99770486E-001,-1.61480159E-001
1.47500000E+002,-6.32380247E-001,-1.84028253E-001
1.50000000E+002,-5.50525129E-001,-1.29606247E-001
1.52500000E+002,-5.08194029E-001,-1.96539208E-001
1.55000000E+002,-4.91263598E-001,-1.29757956E-001
1.57500000E+002,-3.48216385E-001,-1.59899533E-001
1.60000000E+002,-3.78490388E-001,-2.19887793E-001
1.62500000E+002,-3.32336068E-001,-1.33868411E-001
1.65000000E+002,-2.76837707E-001,-1.89733550E-001
1.67500000E+002,-2.70899594E-001,-8.82483497E-002
1.70000000E+002,-1.04354955E-001,-1.35557219E-001
1.72500000E+002,-1.64310679E-001,-1.50228560E-001
1.75000000E+002,7.09989015E-003,-6.41804785E-002
1.77500000E+002,4.12121564E-002,-2.11768448E-001
1.80000000E+002,5.32153174E-002,-6.43437952E-002
1.82500000E+002,2.75446713E-001,-1.29353240E-001
1.85000000E+002,2.06859574E-001,-1.33581221E-001
1.87500000E+002,4.34978366E-001,-1.59591306E-002
1.90000000E+002,4.84373868E-001,-1.98799774E-001
1.92500000E+002,4.96756494E-001,-2.14459114E-002
1.95000000E+002,7.59572625E-001,-1.30627885E-001
1.97500000E+002,6.47816718E-001,-1.41842067E-001
2.00000000E+002,9.45479572E-001,-1.49397040E-002
2.02500000E+002,9.88313735E-001,-2.55678654E-001
2.05000000E+002,1.03435159E+000,1.52309204E-003
2.07500000E+002,1.41146672E+000,-1.60921544E-001
2.10000000E+002,1.24704421E+000,-1.55250505E-001
2.12500000E+002,1.67258537E+000,5.00336774E-002
2.15000000E+002,1.71559632E+000,-2.88748950E-001
2.17500000E+002,1.74905694E+000,8.56616423E-002
2.20000000E+002,2.25907636E+000,-1.72506541E-001
2.22500000E+002,1.94944549E+000,-1.72984108E-001
2.25000000E+002,2.58952308E+000,1.49423689E-001
2.27500000E+002,2.59634089E+000,-4.69829768E-001
2.30000000E+002,2.47975922E+000,2.94582009E-001
2.32500000E+002,3.47454619E+000,-2.37408653E-001
2.35000000E+002,1.23063695E+000,4.13078405E-002
2.37500000E+002,4.29023314E+000,4.79388571E+000
2.40000000E+002,8.01274204E+000,7.39465281E-002
2.42500000E+002,5.77407265E+000,-6.60846978E-002
2.45000000E+002,7.08029079E+000,-3.64106655E-001
2.47500000E+002,6.27038288E+000,-4.23887879E-001
2.50000000E+002,8.16917229E+000,2.12315917E-001
2.52500000E+002,8.12449455E+000,-1.22140467E+000
2.55000000E+002,9.02701283E+000,6.05743647E-001
2.57500000E+002,1.15179529E+001,-1.25521803E+000
2.60000000E+002,1.04277048E+001,-3.66211355E-001
2.62500000E+002,1.54799232E+001,3.43452245E-001
2.65000000E+002,1.47731524E+001,-2.92641354E+000
2.67500000E+002,1.85569305E+001,2.53351831E+000
2.70000000E+002,2.57004318E+001,-4.62004948E+000
2.72500000E+002,2.25822678E+001,1.00164199E+000
2.75000000E+002,4.91541443E+001,-9.79950666E-001
2.77500000E+002,3.91302605E+001,-1.60373535E+001
2.80000000E+002,1.24884651E+002,2.00904636E+001
2.82500000E+002,1.60098312E+002,-2.65419403E+002
2.85000000E+002,-2.19137665E+002,-1.79684708E+002
2.87500000E+002,-8.95199738E+001,2.77967072E+001
2.90000000E+002,-5.05243568E+001,-1.98671379E+001
2.92500000E+002,-4.91166840E+001,4.59448242E+000
2.95000000E+002,-2.75807304E+001,-2.68624568E+000
2.97500000E+002,-3.24203644E+001,-2.20266557E+000
3.00000000E+002,-2.26997395E+001,1.92695522E+000
3.02500000E+002,-2.20720196E+001,-2.65161085E+000
3.05000000E+002,-2.05925026E+001,1.44908261E+000
3.07500000E+002,-1.66557350E+001,-8.69311929E-001
3.10000000E+002,-1.78709564E+001,-3.56186718E-001
3.12500000E+002,-1.47463093E+001,5.52595794E-001
3.15000000E+002,-1.47178993E+001,-1.00985217E+000
3.17500000E+002,-1.39739304E+001,6.05795443E-001
3.20000000E+002,-1.24116402E+001,-4.72847521E-001
3.22500000E+002,-1.29352360E+001,-1.01412937E-001
3.25000000E+002,-1.13887711E+001,2.92087197E-001
3.27500000E+002,-1.14767876E+001,-4.55665469E-001
3.30000000E+002,-1.10694904E+001,3.80578488E-001
3.32500000E+002,-1.02726603E+001,-2.49098614E-001
3.35000000E+002,-1.05436344E+001,-3.12472992E-002
3.37500000E+002,-9.66513157E+000,1.22094199E-001
3.40000000E+002,-9.71918488E+000,-2.83852905E-001
3.42500000E+002,-9.38295364E+000,2.47505575E-001
3.45000000E+002,-8.88319397E+000,-1.74213335E-001
3.47500000E+002,-9.05199718E+000,2.67714560E-002
3.50000000E+002,-8.42954063E+000,1.00770652E-001
3.52500000E+002,-8.56205368E+000,-1.75478891E-001
3.55000000E+002,-8.32882118E+000,2.33847991E-001
3.57500000E+002,-7.99867344E+000,-7.21591190E-002
3.60000000E+002,-8.11063194E+000,4.82538417E-002
3.62500000E+002,-7.66070318E+000,7.96585307E-002
3.65000000E+002,-7.69969368E+000,-1.52936697E-001
3.67500000E+002,-7.56758499E+000,1.18849918E-001
3.70000000E+002,-7.29266644E+000,-8.46062601E-002
3.72500000E+002,-7.36196613E+000,2.35473141E-002
3.75000000E+002,-7.03856945E+000,3.87846492E-002
3.77500000E+002,-7.07339907E+000,-7.54647776E-002
3.80000000E+002,-6.91484499E+000,1.15004167E-001
3.82500000E+002,-6.77673197E+000,-6.26250282E-002
3.85000000E+002,-6.82035923E+000,4.62977849E-002
3.87500000E+002,-6.50040340E+000,3.71951498E-002
3.90000000E+002,-6.55316019E+000,-9.63860974E-002
3.92500000E+002,-6.40428972E+000,9.68566462E-002
3.95000000E+002,-6.19686794E+000,-7.35978410E-002
3.97500000E+002,-6.23760986E+000,1.94556476E-003
4.00000000E+002,-5.94438887E+000,4.44762334E-002
4.02500000E+002,-5.93759394E+000,-7.98105970E-002
4.05000000E+002,-5.67328501E+000,1.46941483E-001
4.07500000E+002,-5.23821735E+000,-1.49570584E-001
4.10000000E+002,-4.81402445E+000,6.81311861E-002
4.12500000E+002,-2.84787154E+000,-1.69299996E+000
4.15000000E+002,-5.71235418E+000,-5.53281069E+000
4.17500000E+002,-1.00037460E+001,-2.04332232E+000
4.20000000E+002,-7.54098082E+000,2.44758084E-001
4.22500000E+002,-7.07159853E+000,-1.88921958E-001
4.25000000E+002,-6.72380257E+000,7.56140277E-002
4.27500000E+002,-6.54700994E+000,-1.13176189E-001
4.30000000E+002,-6.47450781E+000,4.96865734E-002
4.32500000E+002,-6.27020073E+000,-3.68422605E-002
4.35000000E+002,-6.31496572E+000,-9.89984255E-003
4.37500000E+002,-6.11742878E+000,3.66761126E-002
4.40000000E+002,-6.06993961E+000,-6.06350414E-002
4.42500000E+002,-6.02189350E+000,1.27999308E-002
4.45000000E+002,-5.88320971E+000,-6.77713230E-002
4.47500000E+002,-5.93553066E+000,-6.63729236E-002
4.50000000E+002,-5.82114363E+000,-3.23854052E-002
4.52500000E+002,-5.83108759E+000,-9.07446966E-002
4.55000000E+002,-5.79689407E+000,6.61207363E-003
4.57500000E+002,-5.72823191E+000,-8.08717832E-002
4.60000000E+002,-5.76143312E+000,-5.19131161E-002
4.62500000E+002,-5.68159103E+000,-5.77856302E-002
4.65000000E+002,-5.71269035E+000,-9.67751667E-002
4.67500000E+002,-5.68260002E+000,-3.39018889E-002
4.70000000E+002,-5.63702774E+000,-4.06471416E-002
4.72500000E+002,-5.62088156E+000,-5.93131315E-003
4.75000000E+002,-5.51809311E+000,-4.66424366E-003
4.77500000E+002,-5.54337502E+000,-4.84983213E-002
4.80000000E+002,-5.51599979E+000,5.81873441E-003
4.82500000E+002,-5.47029352E+000,-4.47462834E-002
4.85000000E+002,-5.50899458E+000,-1.00813890E-002
4.87500000E+002,-5.41811609E+000,-1.49671838E-003
4.90000000E+002,-5.43486977E+000,-3.13604251E-002
4.92500000E+002,-5.36694145E+000,9.07658599E-003
4.95000000E+002,-5.33556557E+000,-5.35675213E-002
4.97500000E+002,-5.37720537E+000,-2.15705372E-002
5.00000000E+002,-5.28998947E+000,-5.39378263E-003
5.02500000E+002,-5.29911757E+000,-2.61335205E-002
5.05000000E+002,-5.27051878E+000,-7.18538836E-003
5.07500000E+002,-5.25395966E+000,-4.43773195E-002
5.10000000E+002,-5.25670147E+000,-2.10585259E-002
5.12500000E+002,-5.19698429E+000,-3.21084782E-002
5.15000000E+002,-5.19316435E+000,-5.19719981E-002
5.17500000E+002,-5.16711140E+000,-4.69165444E-002
5.20000000E+002,-5.14173222E+000,-6.91305399E-002
5.22500000E+002,-5.14175367E+000,-4.13080864E-002
5.25000000E+002,-5.09875345E+000,-4.73887511E-002
5.27500000E+002,-5.10947800E+000,-3.73159088E-002
5.30000000E+002,-5.07366276E+000,-1.89719945E-002
5.32500000E+002,-5.05870867E+000,-5.01867943E-002
5.35000000E+002,-5.07272530E+000,-2.99678296E-002
5.37500000E+002,-5.02530384E+000,-5.76043800E-002
5.40000000E+002,-5.02299547E+000,-7.47486204E-002
5.42500000E+002,-4.98043251E+000,-6.90799132E-002
5.45000000E+002,-4.98234463E+000,-1.13188632E-001
5.47500000E+002,-4.97246408E+000,-9.37623829E-002
5.50000000E+002,-4.95014381E+000,-1.16199262E-001
5.52500000E+002,-4.96633101E+000,-1.26398891E-001
5.55000000E+002,-4.94515896E+000,-1.17896162E-001
5.57500000E+002,-4.95211124E+000,-1.64724886E-001
5.60000000E+002,-4.97938156E+000,-1.51585028E-001
5.62500000E+002,-4.92261600E+000,-2.23400593E-001
5.65000000E+002,-5.15359831E+000,-3.35913360E-001
5.67500000E+002,-5.29182816E+000,7.20341653E-002
5.70000000E+002,-4.94749260E+000,1.49213046E-001
5.72500000E+002,-4.89554167E+000,6.13012165E-002
5.75000000E+002,-4.83746719E+000,3.92307751E-002
5.77500000E+002,-4.84751606E+000,1.55967893E-002
5.80000000E+002,-4.80490589E+000,2.75981706E-002
5.82500000E+002,-4.78374243E+000,-1.56487408E-003
5.85000000E+002,-4.77324343E+000,-7.01819267E-003
5.87500000E+002,-4.73577356E+000,-2.73829997E-002
5.90000000E+002,-4.74095058E+000,-4.59076911E-002
5.92500000E+002,-4.68798685E+000,-5.79024889E-002
5.95000000E+002,-4.68362904E+000,-9.56532061E-002
5.97500000E+002,-4.64554739E+000,-9.03717652E-002
6.00000000E+002,-4.62105799E+000,-1.55540049E-001
6.02500000E+002,-4.66182995E+000,-1.79606423E-001
6.05000000E+002,-4.68298244E+000,-1.98102787E-001
6.07500000E+002,-4.76727438E+000,-1.75683171E-001
6.10000000E+002,-4.76204109E+000,-7.38070533E-002
6.12500000E+002,-4.69028330E+000,-7.13920668E-002
6.15000000E+002,-4.68510199E+000,-4.25984897E-002
6.17500000E+002,-4.59813547E+000,-2.27475464E-002
6.20000000E+002,-4.59042549E+000,-5.08359186E-002
6.22500000E+002,-4.53399038E+000,-1.40130138E-002
6.25000000E+002,-4.49262190E+000,-4.97012995E-002
6.27500000E+002,-4.48575878E+000,-2.12005246E-002
6.30000000E+002,-4.43142891E+000,-2.68648341E-002
6.32500000E+002,-4.43381643E+000,-2.13165767E-002
6.35000000E+002,-4.35579395E+000,2.68882653E-003
6.37500000E+002,-4.33329868E+000,-4.01669554E-002
6.40000000E+002,-4.31216669E+000,-6.43533608E-003
6.42500000E+002,-4.21857929E+000,-1.76550522E-002
6.45000000E+002,-4.19635010E+000,-3.97818871E-002
6.47500000E+002,-4.10225296E+000,-1.01224165E-002
6.50000000E+002,-4.07361889E+000,-6.31487444E-002
6.52500000E+002,-4.00851727E+000,2.39122976E-002
6.55000000E+002,-3.85251522E+000,-2.79339980E-002
6.57500000E+002,-3.84381747E+000,-5.20466119E-002
6.60000000E+002,-3.70898199E+000,-2.34212298E-002
6.62500000E+002,-3.61839128E+000,-9.69935954E-002
6.65000000E+002,-3.52717280E+000,-3.69783603E-002
6.67500000E+002,-3.32930970E+000,-1.23574205E-001
6.70000000E+002,-3.28710890E+000,-1.08304262E-001
6.72500000E+002,-2.98942661E+000,-8.37716386E-002
6.75000000E+002,-2.87269044E+000,-2.26076826E-001
6.77500000E+002,-2.62791371E+000,-8.46928135E-002
6.80000000E+002,-2.24557114E+000,-2.84461081E-001
6.82500000E+002,-2.12366533E+000,-2.27156401E-001
6.85000000E+002,-1.40348494E+000,-2.18422756E-001
6.87500000E+002,-1.08501542E+000,-5.44605255E-001
6.90000000E+002,-2.06473291E-001,-2.41686836E-001
6.92500000E+002,9.93214607E-001,-1.11774719E+000
6.95000000E+002,1.67402351E+000,-9.29146886E-001
6.97500000E+002,5.22780180E+000,-1.90297484E+000
7.00000000E+002,6.79957247E+000,-4.13786411E+000
7.02500000E+002,1.83587208E+001,-7.92202950E+000
7.05000000E+002,1.37902393E+001,-4.26058693E+001
7.07500000E+002,-3.13850040E+001,-3.54544029E+001
7.10000000E+002,-2.65826092E+001,-5.79221439E+000
7.12500000E+002,-1.83915215E+001,-4.64380550E+000
7.15000000E+002,-1.62236271E+001,-1.65247190E+000
7.17500000E+002,-1.27929554E+001,-1.93313313E+000
7.20000000E+002,-1.21537514E+001,-1.94457853E+000
7.22500000E+002,-9.65856934E+000,-3.72887468E+000
7.25000000E+002,-1.42857056E+001,-7.25054741E+000
7.27500000E+002,-1.74073792E+001,-1.31970632E+000
7.30000000E+002,-1.42909803E+001,6.09021068E-001
7.32500000E+002,-1.38791704E+001,7.33537495E-001
7.35000000E+002,-1.30984488E+001,1.04692602E+000
7.37500000E+002,-1.34440193E+001,8.64239633E-001
7.40000000E+002,-1.38278341E+001,1.39232612E+000
7.42500000E+002,-1.51117830E+001,1.66290748E+000
7.45000000E+002,-1.67315979E+001,3.66455960E+000
7.47500000E+002,-1.97780666E+001,6.04457998E+000
7.50000000E+002,-2.16984463E+001,1.96974468E+001
7.52500000E+002,-2.64735848E-001,2.77504578E+001
7.55000000E+002,9.53852272E+000,1.00622358E+001
7.57500000E+002,3.44558573E+000,3.10807920E+000
7.60000000E+002,1.19777548E+000,1.39016604E+000
7.62500000E+002,-1.04887223E+000,4.20172632E-001
7.65000000E+002,-1.95311999E+000,4.89685208E-001
7.67500000E+002,-2.64375234E+000,6.81138923E-003
7.70000000E+002,-3.35270286E+000,1.13856122E-001
7.72500000E+002,-3.50730801E+000,5.47959097E-002
7.75000000E+002,-3.93889356E+000,-6.24599159E-002
7.77500000E+002,-4.09917688E+000,6.23177066E-002
7.80000000E+002,-4.24519730E+000,-4.65355851E-002
7.82500000E+002,-4.44369221E+000,1.04278838E-002
7.85000000E+002,-4.46652365E+000,-2.87581254E-002
7.87500000E+002,-4.65544605E+000,-8.62064064E-002
7.90000000E+002,-4.72588968E+000,-1.80674996E-002
7.92500000E+002,-4.77152920E+000,-9.16368365E-002
7.95000000E+002,-4.87692499E+000,-4.48444448E-002
7.97500000E+002,-4.85065889E+000,-5.31053096E-002
8.00000000E+002,-4.93472099E+000,-9.23102126E-002
8.02500000E+002,-4.96396875E+000,-4.44195978E-002
8.05000000E+002,-4.95730114E+000,-7.10623488E-002
8.07500000E+002,-5.00878239E+000,-5.53027876E-002
8.10000000E+002,-5.01000643E+000,-4.08168621E-002
8.12500000E+002,-4.98998260E+000,-7.03900307E-002
8.15000000E+002,-4.98857784E+000,-6.17294051E-002
8.17500000E+002,-4.89027834E+000,-9.30120647E-002
8.20000000E+002,-4.85716486E+000,-1.60799772E-001
8.22500000E+002,-4.56066465E+000,-2.77808279E-001
8.25000000E+002,-4.71723509E+000,-1.19055128E+000
8.27500000E+002,-5.87719202E+000,-9.96987760E-001
8.30000000E+002,-5.78292131E+000,-3.35240692E-001
8.32500000E+002,-5.71727324E+000,-2.61733800E-001
8.35000000E+002,-5.65793228E+000,-1.14966057E-001
8.37500000E+002,-5.59661627E+000,-1.09744616E-001
8.40000000E+002,-5.58831835E+000,-5.49333096E-002
8.42500000E+002,-5.51614714E+000,-4.96934727E-002
8.45000000E+002,-5.54000139E+000,-6.44115582E-002
8.47500000E+002,-5.51883698E+000,-7.25448970E-003
8.50000000E+002,-5.46351910E+000,-4.40053828E-003
8.52500000E+002,-5.45069313E+000,1.29715528E-003
8.55000000E+002,-5.42522383E+000,-3.04259546E-002
8.57500000E+002,-5.44306660E+000,-6.01722859E-002
8.60000000E+002,-5.47244167E+000,-2.69105546E-002
8.62500000E+002,-5.46369314E+000,-1.49745103E-002
8.65000000E+002,-5.46845341E+000,2.05622632E-002
8.67500000E+002,-5.43050385E+000,1.64509062E-002
8.70000000E+002,-5.40330887E+000,1.61877030E-003
8.72500000E+002,-5.40159369E+000,5.42621827E-003
8.75000000E+002,-5.38483000E+000,6.48678001E-003
8.77500000E+002,-5.39311552E+000,1.20632071E-002
8.80000000E+002,-5.38383293E+000,2.58087236E-002
8.82500000E+002,-5.34357023E+000,3.62726636E-002
8.85000000E+002,-5.32993126E+000,2.56606983E-003
8.87500000E+002,-5.34500790E+000,1.54709518E-002
8.90000000E+002,-5.25535011E+000,-4.22518468E-003
8.92500000E+002,-5.26488161E+000,-5.21984696E-002
8.95000000E+002,-5.22326708E+000,-2.01557819E-002
8.97500000E+002,-5.11522532E+000,-5.28307296E-002
9.00000000E+002,-5.06480312E+000,-8.73935372E-002
9.02500000E+002,-4.87231398E+000,-1.01389803E-001
9.05000000E+002,-4.68463898E+000,-2.98594654E-001
9.07500000E+002,-4.14235735E+000,-5.42440712E-001
9.10000000E+002,-4.09915543E+000,-2.49905372E+000
9.12500000E+002,-7.01194096E+000,-2.81696463E+000
9.15000000E+002,-7.35331535E+000,-5.84716022E-001
9.17500000E+002,-6.62652779E+000,-2.57800758E-001
9.20000000E+002,-6.48613739E+000,-7.44589120E-002
9.22500000E+002,-6.20704556E+000,-2.73320056E-003
9.25000000E+002,-6.15282631E+000,-1.82816014E-002
9.27500000E+002,-6.07496452E+000,4.32884246E-002
9.30000000E+002,-6.00189829E+000,2.31545474E-002
9.32500000E+002,-5.97918606E+000,5.16750328E-002
9.35000000E+002,-5.92081928E+000,4.56289947E-002
9.37500000E+002,-5.93719244E+000,5.47376610E-002
9.40000000E+002,-5.89763880E+000,5.92721142E-002
9.42500000E+002,-5.89380598E+000,3.30703780E-002
9.45000000E+002,-5.90876818E+000,8.46901089E-002
9.47500000E+002,-5.83680582E+000,7.66129121E-002
9.50000000E+002,-5.84086514E+000,4.53616604E-002
9.52500000E+002,-5.83929062E+000,8.06141123E-002
9.55000000E+002,-5.81825304E+000,7.99747854E-002
9.57500000E+002,-5.80744028E+000,8.05359036E-002
9.60000000E+002,-5.80016327E+000,6.31440431E-002
9.62500000E+002,-5.83411598E+000,3.08108255E-002
9.65000000E+002,-5.84477520E+000,5.21589816E-002
9.67500000E+002,-5.83108425E+000,4.52205501E-002
9.70000000E+002,-5.85431767E+000,5.06877266E-002
9.72500000E+002,-5.81617355E+000,6.84815571E-002
9.75000000E+002,-5.81676626E+000,6.38271421E-002
9.77500000E+002,-5.80357122E+000,6.48755729E-002
9.80000000E+002,-5.79815578E+000,6.64246976E-002
9.82500000E+002,-5.79454041E+000,5.39975502E-002
9.85000000E+002,-5.82903576E+000,1.95178203E-002
9.87500000E+002,-5.89516592E+000,2.80962363E-002
9.90000000E+002,-5.93365955E+000,1.40941963E-001
9.92500000E+002,-5.80844498E+000,1.73550382E-001
9.95000000E+002,-5.81021881E+000,8.69198665E-002
9.97500000E+002,-5.86132526E+000,9.31524932E-002
1.00000000E+003,-5.85083008E+000,1.45585448E-001
1.00250000E+003,-5.82001591E+000,1.44898772E-001
1.00500000E+003,-5.81312227E+000,1.44107640E-001
1.00750000E+003,-5.80164146E+000,1.60326511E-001
1.01000000E+003,-5.78385067E+000,1.26469716E-001
1.01250000E+003,-5.79606915E+000,1.09440342E-001
1.01500000E+003,-5.80112314E+000,1.07790284E-001
1.01750000E+003,-5.80733585E+000,1.06904052E-001
1.02000000E+003,-5.78509474E+000,1.30388990E-001
1.02250000E+003,-5.76734018E+000,9.99850258E-002
1.02500000E+003,-5.77352905E+000,1.19785160E-001
1.02750000E+003,-5.74179983E+000,1.33508310E-001
1.03000000E+003,-5.73358488E+000,1.17971137E-001
1.03250000E+003,-5.70028305E+000,1.37853295E-001
1.03500000E+003,-5.68559599E+000,9.28819329E-002
1.03750000E+003,-5.72446346E+000,5.98559901E-002
1.04000000E+003,-5.73971605E+000,6.55230656E-002
1.04250000E+003,-5.75615311E+000,5.14269620E-002
1.04500000E+003,-5.77437925E+000,8.19911584E-002
1.04750000E+003,-5.74563265E+000,1.03985623E-001
1.05000000E+003,-5.72171354E+000,8.65395889E-002
1.05250000E+003,-5.72851658E+000,9.74181741E-002
1.05500000E+003,-5.70186043E+000,8.38240907E-002
1.05750000E+003,-5.70133829E+000,6.01771064E-002
1.06000000E+003,-5.72663593E+000,6.52143359E-002
1.06250000E+003,-5.71510410E+000,5.23508005E-002
1.06500000E+003,-5.73111582E+000,5.72838783E-002
1.06750000E+003,-5.70769262E+000,3.80415171E-002
1.07000000E+003,-5.73370123E+000,4.66153622E-002
1.07250000E+003,-5.70133829E+000,7.43260756E-002
1.07500000E+003,-5.69176388E+000,5.26370853E-002
1.07750000E+003,-5.69427872E+000,6.82600364E-002
1.08000000E+003,-5.69170237E+000,9.65318754E-002
1.08250000E+003,-5.67537212E+000,1.18535571E-001
1.08500000E+003,-5.67524862E+000,1.38615757E-001
1.08750000E+003,-5.67064953E+000,1.21110730E-001
1.09000000E+003,-5.68507385E+000,1.67771161E-001
1.09250000E+003,-5.66211319E+000,1.82316259E-001
1.09500000E+003,-5.65511894E+000,3.23533386E-001
1.09750000E+003,-5.26241541E+000,3.23364019E-001
1.10000000E+003,-5.27035046E+000,-1.25867367E-001
1.10250000E+003,-5.53361750E+000,-1.32978290E-001
1.10500000E+003,-5.56434298E+000,-7.38364235E-002
1.10750000E+003,-5.61499643E+000,-2.52662338E-002
1.11000000E+003,-5.60279703E+000,1.81353949E-002
1.11250000E+003,-5.61734390E+000,1.97129138E-002
1.11500000E+003,-5.62722063E+000,3.52132320E-002
1.11750000E+003,-5.63694906E+000,3.65453288E-002
1.12000000E+003,-5.69780493E+000,3.54942121E-002
1.12250000E+003,-5.74224758E+000,9.46909785E-002
1.12500000E+003,-5.78685522E+000,1.52732730E-001
1.12750000E+003,-5.79177380E+000,2.33412802E-001
1.13000000E+003,-5.81858063E+000,2.98106700E-001
1.13250000E+003,-5.86696196E+000,5.41501760E-001
1.13500000E+003,-5.49661493E+000,7.93592811E-001
1.13750000E+003,-5.21671152E+000,4.70729977E-001
1.14000000E+003,-5.30170393E+000,3.24621409E-001
1.14250000E+003,-5.31298018E+000,1.82286859E-001
1.14500000E+003,-5.49636221E+000,1.40060663E-001
1.14750000E+003,-5.55388689E+000,1.84740722E-001
1.15000000E+003,-5.67967367E+000,1.93736076E-001
1.15250000E+003,-5.73852015E+000,3.22040290E-001
1.15500000E+003,-5.77423429E+000,2.79949635E-001
1.15750000E+003,-6.02364922E+000,3.88693452E-001
1.16000000E+003,-6.05203819E+000,5.04747927E-001
1.16250000E+003,-6.37863302E+000,5.70793927E-001
1.16500000E+003,-6.53050947E+000,9.66835916E-001
1.16750000E+003,-6.85869980E+000,8.89344335E-001
1.17000000E+003,-7.81295872E+000,1.80395889E+000
1.17250000E+003,-7.95025969E+000,2.38143945E+000
1.17500000E+003,-1.18306656E+001,5.56393290E+000
1.17750000E+003,-4.06690407E+000,1.66657772E+001
1.18000000E+003,8.55383682E+000,6.07936478E+000
1.18250000E+003,1.87360120E+000,-1.35485458E+000
1.18500000E+003,-1.19160041E-001,-2.73185164E-001
1.18750000E+003,-1.07646799E+000,-1.02540624E+000
1.19000000E+003,-1.92032397E+000,-5.48634470E-001
1.19250000E+003,-1.99834549E+000,-6.56601071E-001
1.19500000E+003,-2.43962812E+000,-6.20088100E-001
1.19750000E+003,-2.40850544E+000,-5.14027238E-001
1.20000000E+003,-2.56631184E+000,-6.30499244E-001
1.20250000E+003,-2.63563752E+000,-5.19375026E-001
1.20500000E+003,-2.60482526E+000,-5.66506505E-001
1.20750000E+003,-2.63742065E+000,-5.46619713E-001
1.21000000E+003,-2.56776047E+000,-5.60765564E-001
1.21250000E+003,-2.52109647E+000,-5.57949305E-001
1.21500000E+003,-2.33715773E+000,-5.95893443E-001
1.21750000E+003,-2.14920115E+000,-6.24837279E-001
1.22000000E+003,-1.56227601E+000,-7.59607196E-001
1.22250000E+003,-1.07464695E+000,-1.25842845E+000
1.22500000E+003,6.96491659E-001,-2.15975237E+000
1.22750000E+003,3.30672324E-001,-8.01988411E+000
1.23000000E+003,-8.10326672E+000,-8.29977608E+000
1.23250000E+003,-8.75525570E+000,-2.03891492E+000
1.23500000E+003,-6.91263199E+000,-1.15370333E+000
1.23750000E+003,-6.65607309E+000,-5.25086224E-001
1.24000000E+003,-6.10661507E+000,-9.00280848E-002
1.24250000E+003,-6.11190701E+000,5.50736263E-002
1.24500000E+003,-6.43078041E+000,1.30537069E+000
1.24750000E+003,-4.13748360E+000,2.88248372E+000
1.25000000E+003,-2.29055405E+000,7.05142438E-001
1.25250000E+003,-3.29291630E+000,-3.39749128E-001
1.25500000E+003,-3.54156017E+000,-2.89767921E-001
1.25750000E+003,-3.71924114E+000,-3.98075193E-001
1.26000000E+003,-3.82466125E+000,-3.42644900E-001
1.26250000E+003,-3.87710524E+000,-3.95389915E-001
1.26500000E+003,-4.02274466E+000,-3.60987753E-001
1.26750000E+003,-4.05293369E+000,-2.57358462E-001
1.27000000E+003,-4.03930378E+000,-2.28681386E-001
1.27250000E+003,-4.06071901E+000,-1.80337459E-001
1.27500000E+003,-4.05513716E+000,-1.57108039E-001
1.27750000E+003,-4.12632370E+000,-1.39542148E-001
