0.00000000E+000,-7.53150940E+001,0.00000000E+000
2.50000000E+000,6.59253407E+000,1.45740814E+001
5.00000000E+000,2.19126225E+000,1.88009799E+000
7.50000000E+000,1.72909901E-001,2.82934618E+000
1.00000000E+001,1.38965547E+000,1.53545296E+000
1.25000000E+001,6.62772834E-001,3.23287547E-001
1.50000000E+001,3.69302899E-001,6.16047442E-001
1.75000000E+001,8.84376347E-001,-7.11474717E-001
2.00000000E+001,-1.77247465E+000,-6.40769899E-001
2.25000000E+001,-5.30548453E-001,1.64370239E+000
2.50000000E+001,2.99182653E-001,4.75414425E-001
2.75000000E+001,-1.35910930E-003,3.91042918E-001
3.00000000E+001,6.75598159E-002,2.33811975E-001
3.25000000E+001,-6.48752898E-002,2.09224477E-001
3.50000000E+001,-1.33827962E-002,1.73456401E-001
3.75000000E+001,-8.40986222E-002,9.20843706E-002
4.00000000E+001,-7.80562386E-002,1.04422078E-001
4.25000000E+001,-1.13432676E-001,4.44498621E-002
4.50000000E+001,-1.48556486E-001,6.40921667E-002
4.75000000E+001,-1.40046641E-001,4.10133637E-002
5.00000000E+001,-1.72613382E-001,3.35133038E-002
5.25000000E+001,-1.62828162E-001,3.20657045E-002
5.50000000E+001,-1.90759078E-001,-2.19209818E-003
5.75000000E+001,-2.21297726E-001,1.81578137E-002
6.00000000E+001,-2.10762635E-001,2.06882935E-002
6.25000000E+001,-2.20335230E-001,1.72476973E-002
6.50000000E+001,-2.26712972E-001,1.04134819E-002
6.75000000E+001,-2.58127749E-001,1.62490718E-002
7.00000000E+001,-2.50741541E-001,5.69499917E-002
7.25000000E+001,-2.29734868E-001,4.17194441E-002
7.50000000E+001,-2.43023396E-001,4.24977951E-002
7.75000000E+001,-2.27714837E-001,5.34394309E-002
8.00000000E+001,-2.24626794E-001,2.90256161E-002
8.25000000E+001,-2.43314371E-001,3.74991968E-002
8.50000000E+001,-2.40310311E-001,4.81124185E-002
8.75000000E+001,-2.34977454E-001,5.76622449E-002
9.00000000E+001,-2.19702274E-001,6.29720315E-002
9.25000000E+001,-2.08978727E-001,5.91362193E-002
9.50000000E+001,-1.98005855E-001,5.72897494E-002
9.75000000E+001,-1.94782794E-001,4.59195673E-002
1.00000000E+002,-1.98915035E-001,4.93329242E-002
1.02500000E+002,-1.83866665E-001,5.49419783E-002
1.05000000E+002,-1.68760687E-001,4.93766777E-002
1.07500000E+002,-1.64373830E-001,3.05611771E-002
1.10000000E+002,-1.69042856E-001,3.62985246E-002
1.12500000E+002,-1.53291285E-001,3.09092849E-002
1.15000000E+002,-1.59207448E-001,2.55116001E-002
1.17500000E+002,-1.41870290E-001,4.22954820E-002
1.20000000E+002,-1.24035276E-001,1.54399769E-002
1.22500000E+002,-1.30771816E-001,1.38978884E-002
1.25000000E+002,-1.21669240E-001,7.93042220E-003
1.27500000E+002,-1.29846066E-001,1.45549262E-002
1.30000000E+002,-9.70452204E-002,2.59762481E-002
1.32500000E+002,-8.17871913E-002,2.44939676E-003
1.35000000E+002,-7.65061527E-002,1.58588663E-002
1.37500000E+002,-3.69956419E-002,4.82447285E-005
1.40000000E+002,-5.61765581E-002,1.81661220E-003
1.42500000E+002,1.33434562E-002,3.65774110E-002
1.45000000E+002,2.67146342E-002,-2.67704930E-002
1.47500000E+002,5.38389087E-002,5.91700636E-002
1.50000000E+002,2.10555479E-001,-2.65029091E-002
1.52500000E+002,1.40154004E-001,2.89588142E-003
1.55000000E+002,5.34344196E-001,5.41811064E-002
1.57500000E+002,4.37792093E-001,-2.75488287E-001
1.60000000E+002,1.44355106E+000,4.84116644E-001
1.62500000E+002,2.86857486E+000,-3.60038090E+000
1.65000000E+002,-3.38079596E+000,-3.33930779E+000
1.67500000E+002,-1.73388159E+000,4.94350672E-001
1.70000000E+002,-8.45845103E-001,-3.18264753E-001
1.72500000E+002,-9.49397624E-001,3.70797403E-002
1.75000000E+002,-5.61858058E-001,-1.69229656E-002
1.77500000E+002,-6.46694005E-001,-5.16097173E-002
1.80000000E+002,-4.98810679E-001,7.92949274E-002
1.82500000E+002,-4.24681365E-001,-8.71177483E-003
1.85000000E+002,-4.10947233E-001,5.66355661E-002
1.87500000E+002,-2.90153354E-001,2.87557635E-002
1.90000000E+002,-3.14565957E-001,-1.59830484E-003
1.92500000E+002,-2.38406450E-001,5.44106998E-002
1.95000000E+002,-1.89211577E-001,-2.21142564E-002
1.97500000E+002,-2.07862034E-001,1.66130718E-002
2.00000000E+002,-1.05404764E-001,8.23131669E-003
2.02500000E+002,-1.24050170E-001,-2.98803970E-002
2.05000000E+002,-5.69540337E-002,2.81980634E-002
2.07500000E+002,1.54105155E-003,-4.86336052E-002
2.10000000E+002,-1.20810745E-002,3.05879442E-003
2.12500000E+002,1.37958199E-001,-2.05251221E-002
2.15000000E+002,8.55347291E-002,-6.96806833E-002
2.17500000E+002,2.36354530E-001,4.69448529E-002
2.20000000E+002,3.24377477E-001,-1.34804338E-001
2.22500000E+002,3.13328832E-001,4.05015275E-002
2.25000000E+002,7.25709975E-001,-9.02777612E-002
2.27500000E+002,5.30293822E-001,-1.63050309E-001
2.30000000E+002,1.30680144E+000,1.60991490E-001
2.32500000E+002,1.39066517E+000,-8.04385364E-001
2.35000000E+002,2.59348536E+000,9.83111560E-001
2.37500000E+002,7.40331841E+000,-6.35851383E+000
2.40000000E+002,-6.55686617E+000,-9.15462875E+000
2.42500000E+002,-4.41517830E+000,1.50208330E+000
2.45000000E+002,-1.17288280E+000,-4.41169053E-001
2.47500000E+002,-1.70474362E+000,1.16773106E-001
2.50000000E+002,-5.32037079E-001,1.96169615E-001
2.52500000E+002,-6.78323269E-001,-2.01745734E-001
2.55000000E+002,-3.75985295E-001,2.69854069E-001
2.57500000E+002,8.58013332E-002,-8.81446376E-002
2.60000000E+002,-7.34103024E-002,3.08737718E-002
2.62500000E+002,6.12571895E-001,1.80839390E-001
2.65000000E+002,6.35258675E-001,-3.09432536E-001
2.67500000E+002,9.03669357E-001,3.40439349E-001
2.70000000E+002,1.99659228E+000,-3.31816822E-001
2.72500000E+002,1.46789980E+000,-1.17961191E-001
2.75000000E+002,4.30354738E+000,4.19017971E-001
2.77500000E+002,4.09112787E+000,-2.24911737E+000
2.80000000E+002,1.03553839E+001,3.03698349E+000
2.82500000E+002,2.25971394E+001,-2.45983601E+001
2.85000000E+002,-2.32036095E+001,-2.88490219E+001
2.87500000E+002,-1.51404276E+001,2.97008729E+000
2.90000000E+002,-6.63664818E+000,-2.08807182E+000
2.92500000E+002,-7.44904327E+000,1.42412677E-001
2.95000000E+002,-4.44733381E+000,-2.84942240E-002
2.97500000E+002,-4.96407795E+000,-4.41021085E-001
3.00000000E+002,-3.99732256E+000,3.20804894E-001
3.02500000E+002,-3.71390963E+000,-2.93615401E-001
3.05000000E+002,-3.70762849E+000,1.84065491E-001
3.07500000E+002,-3.12521648E+000,1.74863730E-002
3.10000000E+002,-3.27068305E+000,-3.82593498E-002
3.12500000E+002,-2.94654989E+000,1.40204519E-001
3.15000000E+002,-2.88420677E+000,-6.96993098E-002
3.17500000E+002,-2.85405707E+000,1.00179188E-001
3.20000000E+002,-2.65358925E+000,2.86309770E-003
3.22500000E+002,-2.73448920E+000,7.61612644E-003
3.25000000E+002,-2.60702443E+000,5.35562001E-002
3.27500000E+002,-2.64352703E+000,-1.50139788E-002
3.30000000E+002,-2.61143994E+000,9.50929001E-002
3.32500000E+002,-2.54285955E+000,1.78932622E-002
3.35000000E+002,-2.59533048E+000,3.56331244E-002
3.37500000E+002,-2.52861142E+000,5.75303249E-002
3.40000000E+002,-2.54090762E+000,1.93871371E-002
3.42500000E+002,-2.54986930E+000,4.81105708E-002
3.45000000E+002,-2.52625704E+000,3.23875137E-002
3.47500000E+002,-2.56892228E+000,3.92956510E-002
3.50000000E+002,-2.58228326E+000,4.79286052E-002
3.52500000E+002,-2.60689139E+000,7.22896233E-002
3.55000000E+002,-2.62446046E+000,6.24361895E-002
3.57500000E+002,-2.67356443E+000,5.82334027E-002
3.60000000E+002,-2.69166017E+000,6.05571084E-002
3.62500000E+002,-2.76639152E+000,3.78843546E-002
3.65000000E+002,-2.80879498E+000,9.35382620E-002
3.67500000E+002,-2.82880592E+000,5.20211831E-002
3.70000000E+002,-2.94735169E+000,7.79442042E-002
3.72500000E+002,-2.94942665E+000,1.00409448E-001
3.75000000E+002,-3.10871983E+000,5.58329038E-002
3.77500000E+002,-3.18759680E+000,1.83016792E-001
3.80000000E+002,-3.28466678E+000,4.03037108E-002
3.82500000E+002,-3.58349943E+000,1.84928745E-001
3.85000000E+002,-3.52636242E+000,1.55252084E-001
3.87500000E+002,-4.01964283E+000,3.94308455E-002
3.90000000E+002,-4.12057590E+000,3.81849706E-001
3.92500000E+002,-4.45516109E+000,-8.42867345E-002
3.95000000E+002,-5.34377337E+000,5.03068388E-001
3.97500000E+002,-5.12620735E+000,2.09854230E-001
4.00000000E+002,-7.81754112E+000,1.33245364E-001
4.02500000E+002,-7.51324081E+000,2.19668555E+000
4.05000000E+002,-1.49744720E+001,-1.66577566E+000
4.07500000E+002,-2.26235065E+001,2.60634518E+001
4.10000000E+002,1.90259781E+001,2.48821564E+001
4.12500000E+002,9.43904495E+000,-2.21981359E+000
4.15000000E+002,7.87486792E-001,1.58879662E+000
4.17500000E+002,-3.14427435E-001,5.71474886E+000
4.20000000E+002,6.26738834E+000,5.14348936E+000
4.22500000E+002,4.14777184E+000,-3.18815947E-001
4.25000000E+002,1.83050072E+000,1.67672738E-001
4.27500000E+002,1.62061656E+000,1.81042030E-001
4.30000000E+002,9.51743484E-001,-1.21603005E-001
4.32500000E+002,5.29295087E-001,9.11597311E-002
4.35000000E+002,4.01436687E-001,-1.26748169E-002
4.37500000E+002,2.88767666E-002,-3.94205153E-002
4.40000000E+002,-7.75821581E-002,3.94708700E-002
4.42500000E+002,-2.74887294E-001,-7.49959499E-002
4.45000000E+002,-4.83302981E-001,4.85237837E-002
4.47500000E+002,-4.87469554E-001,4.48912010E-002
4.50000000E+002,-6.44658089E-001,2.98528466E-003
4.52500000E+002,-7.11036384E-001,5.39824702E-002
4.55000000E+002,-7.90934980E-001,-4.10049967E-003
4.57500000E+002,-9.04784739E-001,3.34167518E-002
4.60000000E+002,-9.32251513E-001,2.28182636E-002
4.62500000E+002,-1.04580855E+000,-1.50266697E-003
4.65000000E+002,-1.09543061E+000,4.20618691E-002
4.67500000E+002,-1.14255774E+000,6.96059596E-003
4.70000000E+002,-1.23039925E+000,2.46754792E-002
4.72500000E+002,-1.25824845E+000,3.87516990E-002
4.75000000E+002,-1.32155776E+000,2.61427108E-002
4.77500000E+002,-1.36511028E+000,4.48792651E-002
4.80000000E+002,-1.41020775E+000,1.91698167E-002
4.82500000E+002,-1.48690200E+000,2.61168703E-002
4.85000000E+002,-1.51935935E+000,3.34877595E-002
4.87500000E+002,-1.57738328E+000,1.36396764E-002
4.90000000E+002,-1.62387633E+000,3.00088990E-002
4.92500000E+002,-1.66879213E+000,8.26202054E-003
4.95000000E+002,-1.73456550E+000,2.74228174E-002
4.97500000E+002,-1.75850773E+000,3.35625224E-002
5.00000000E+002,-1.81303108E+000,2.92960349E-002
5.02500000E+002,-1.84946454E+000,5.20615056E-002
5.05000000E+002,-1.89168572E+000,3.12277097E-002
5.07500000E+002,-1.96000016E+000,4.77178805E-002
5.10000000E+002,-1.98256850E+000,5.10824062E-002
5.12500000E+002,-2.04702497E+000,2.72035077E-002
5.15000000E+002,-2.10778165E+000,5.14494106E-002
5.17500000E+002,-2.13185549E+000,3.84146310E-002
5.20000000E+002,-2.21181297E+000,4.82704267E-002
5.22500000E+002,-2.23381114E+000,8.19018781E-002
5.25000000E+002,-2.27096891E+000,5.79451434E-002
5.27500000E+002,-2.31694770E+000,8.26414749E-002
5.30000000E+002,-2.32520437E+000,5.31985536E-002
5.32500000E+002,-2.39919329E+000,1.79149099E-002
5.35000000E+002,-2.47270966E+000,1.57696418E-002
5.37500000E+002,-2.53524685E+000,6.11859083E-004
5.40000000E+002,-2.61055017E+000,1.86541006E-002
5.42500000E+002,-2.66596246E+000,1.62184145E-002
5.45000000E+002,-2.74257421E+000,1.78900231E-002
5.47500000E+002,-2.78924561E+000,4.44452912E-002
5.50000000E+002,-2.83785701E+000,1.76114403E-002
5.52500000E+002,-2.92912412E+000,3.21842134E-002
5.55000000E+002,-2.96338797E+000,3.61998640E-002
5.57500000E+002,-3.05534506E+000,1.55911632E-002
5.60000000E+002,-3.13499761E+000,3.20471339E-002
5.62500000E+002,-3.20755076E+000,1.37506388E-002
5.65000000E+002,-3.29521489E+000,5.02323918E-002
5.67500000E+002,-3.34490180E+000,4.25530076E-002
5.70000000E+002,-3.42849779E+000,4.50410694E-002
5.72500000E+002,-3.50176883E+000,5.92746623E-002
5.75000000E+002,-3.59956431E+000,6.26898110E-002
5.77500000E+002,-3.66767025E+000,1.04277551E-001
5.80000000E+002,-3.71573925E+000,5.79023436E-002
5.82500000E+002,-3.87297225E+000,5.25767207E-002
5.85000000E+002,-3.94475007E+000,7.85718411E-002
5.87500000E+002,-4.05684423E+000,4.19592671E-002
5.90000000E+002,-4.17792892E+000,8.80454704E-002
5.92500000E+002,-4.23192787E+000,7.07852468E-002
5.95000000E+002,-4.38530111E+000,5.71403056E-002
5.97500000E+002,-4.46084166E+000,8.95948336E-002
6.00000000E+002,-4.57583189E+000,4.27616127E-002
6.02500000E+002,-4.71628618E+000,7.38159195E-002
6.05000000E+002,-4.81165838E+000,6.26630336E-002
6.07500000E+002,-4.98982096E+000,7.62427449E-002
6.10000000E+002,-5.08471394E+000,9.34102833E-002
6.12500000E+002,-5.27148676E+000,4.51994687E-002
6.15000000E+002,-5.42916584E+000,1.21182382E-001
6.17500000E+002,-5.53402424E+000,8.38538110E-002
6.20000000E+002,-5.75131559E+000,9.88364890E-002
6.22500000E+002,-5.84909582E+000,1.31358251E-001
6.25000000E+002,-6.05444717E+000,8.56779739E-002
6.27500000E+002,-6.22136497E+000,1.54846415E-001
6.30000000E+002,-6.37045765E+000,6.99719265E-002
6.32500000E+002,-6.73096132E+000,7.98594505E-002
6.35000000E+002,-6.85481215E+000,1.93513393E-001
6.37500000E+002,-7.09413290E+000,7.86969364E-002
6.40000000E+002,-7.37682438E+000,1.81106955E-001
6.42500000E+002,-7.58735514E+000,9.50016752E-002
6.45000000E+002,-7.99538326E+000,1.81689471E-001
6.47500000E+002,-8.04899120E+000,2.26468399E-001
6.50000000E+002,-8.52045250E+000,1.55178541E-002
6.52500000E+002,-8.92443180E+000,2.10904419E-001
6.55000000E+002,-9.15593529E+000,2.31064633E-001
6.57500000E+002,-9.49666786E+000,1.52429014E-001
6.60000000E+002,-9.96055984E+000,7.48297125E-002
6.62500000E+002,-1.05228415E+001,7.37723559E-002
6.65000000E+002,-1.09697609E+001,2.68788397E-001
6.67500000E+002,-1.14014044E+001,8.88993740E-002
6.70000000E+002,-1.22235641E+001,2.21280098E-001
6.72500000E+002,-1.25958576E+001,3.12478781E-001
6.75000000E+002,-1.34825850E+001,1.58489510E-001
6.77500000E+002,-1.41891775E+001,6.00890219E-001
6.80000000E+002,-1.46983919E+001,3.02662522E-001
6.82500000E+002,-1.59727736E+001,4.20022935E-001
6.85000000E+002,-1.66138153E+001,5.57683885E-001
6.87500000E+002,-1.80400982E+001,3.21330160E-001
6.90000000E+002,-1.92230530E+001,8.83946478E-001
6.92500000E+002,-2.02830124E+001,5.58474839E-001
6.95000000E+002,-2.22534218E+001,8.88916254E-001
6.97500000E+002,-2.33269043E+001,9.15186822E-001
7.00000000E+002,-2.61939964E+001,3.32514167E-001
7.02500000E+002,-2.85346680E+001,1.50877798E+000
7.05000000E+002,-3.08615150E+001,7.32468545E-001
7.07500000E+002,-3.47434273E+001,1.34445882E+000
7.10000000E+002,-3.68218613E+001,1.05666804E+000
7.12500000E+002,-3.68164520E+001,-4.79919624E+000
7.15000000E+002,-5.54979210E+001,-2.95756779E+001
7.17500000E+002,-1.11385880E+002,-1.94447250E+001
7.20000000E+002,-1.36304794E+002,2.64386024E+001
7.22500000E+002,-1.58824341E+002,4.13747826E+001
7.25000000E+002,-2.76472198E+002,1.65206192E+002
7.27500000E+002,-5.97633629E+001,4.61689667E+002
7.30000000E+002,2.60469208E+002,2.44683548E+002
7.32500000E+002,1.68008240E+002,5.61318283E+001
7.35000000E+002,1.24031128E+002,4.13617897E+001
7.37500000E+002,9.62363815E+001,1.36361847E+001
7.40000000E+002,7.38478470E+001,1.44017944E+001
7.42500000E+002,6.67067490E+001,7.96274281E+000
7.45000000E+002,5.35884857E+001,5.65303659E+000
7.47500000E+002,4.97810631E+001,6.42126846E+000
7.50000000E+002,4.44586105E+001,3.14481449E+000
7.52500000E+002,4.09190369E+001,4.06711674E+000
7.55000000E+002,4.05951614E+001,7.86264420E-001
7.57500000E+002,3.50823784E+001,-4.44311476E+000
7.60000000E+002,2.74658298E+001,-3.35063958E+000
7.62500000E+002,2.50146389E+001,-1.36410475E-001
7.65000000E+002,2.45673180E+001,1.21885264E+000
7.67500000E+002,2.39510403E+001,1.03641367E+000
7.70000000E+002,2.26369915E+001,1.07453406E+000
7.72500000E+002,2.20123024E+001,1.18138552E+000
7.75000000E+002,2.09272270E+001,8.63647461E-001
7.77500000E+002,2.02299042E+001,1.19629455E+000
7.80000000E+002,1.96710777E+001,7.42786765E-001
7.82500000E+002,1.87225647E+001,9.20006275E-001
7.85000000E+002,1.84012280E+001,8.11040819E-001
7.87500000E+002,1.77018299E+001,6.28141105E-001
7.90000000E+002,1.72183323E+001,7.44286060E-001
7.92500000E+002,1.68161106E+001,5.27015984E-001
7.95000000E+002,1.61726532E+001,6.27185822E-001
7.97500000E+002,1.60285339E+001,6.47769153E-001
8.00000000E+002,1.55342541E+001,4.11038965E-001
8.02500000E+002,1.52297497E+001,5.57410657E-001
8.05000000E+002,1.50414381E+001,3.34377527E-001
8.07500000E+002,1.45401926E+001,4.21019822E-001
8.10000000E+002,1.46221199E+001,4.07431126E-001
8.12500000E+002,1.42352858E+001,1.28599688E-001
8.15000000E+002,1.40494862E+001,3.33388388E-001
8.17500000E+002,1.38663473E+001,4.94584739E-002
8.20000000E+002,1.34169550E+001,2.27144703E-001
8.22500000E+002,1.35537271E+001,2.80457914E-001
8.25000000E+002,1.33229294E+001,2.97905579E-002
8.27500000E+002,1.34178123E+001,3.14515293E-001
8.30000000E+002,1.40291948E+001,-7.32959449E-001
8.32500000E+002,1.24206972E+001,-1.64784420E+000
8.35000000E+002,1.16532440E+001,-5.27588785E-001
8.37500000E+002,1.18352165E+001,-1.47654504E-001
8.40000000E+002,1.20036030E+001,8.28386173E-002
8.42500000E+002,1.21153622E+001,-3.12749855E-002
8.45000000E+002,1.20240154E+001,6.63718283E-002
8.47500000E+002,1.21531277E+001,2.64142659E-002
8.50000000E+002,1.20512390E+001,-1.52063277E-002
8.52500000E+002,1.21800127E+001,9.83945429E-002
8.55000000E+002,1.22698231E+001,-5.90994209E-002
8.57500000E+002,1.22614717E+001,2.89213732E-002
8.60000000E+002,1.25511398E+001,-7.19560385E-002
8.62500000E+002,1.25219049E+001,-2.36273006E-001
8.65000000E+002,1.27118092E+001,-6.62964210E-002
8.67500000E+002,1.30455256E+001,-2.62007505E-001
8.70000000E+002,1.31540861E+001,-3.19813013E-001
8.72500000E+002,1.34763260E+001,-3.95803213E-001
8.75000000E+002,1.36832447E+001,-4.71824676E-001
8.77500000E+002,1.43028479E+001,-3.94015908E-001
8.80000000E+002,1.48806438E+001,-8.13227892E-001
8.82500000E+002,1.54285231E+001,-7.11013615E-001
8.85000000E+002,1.66935234E+001,-1.12511730E+000
8.87500000E+002,1.73673248E+001,-1.56968319E+000
8.90000000E+002,1.91767483E+001,-1.74229181E+000
8.92500000E+002,2.10719280E+001,-3.07826948E+000
8.95000000E+002,2.37935658E+001,-3.52880907E+000
8.97500000E+002,2.90724697E+001,-7.30630636E+000
9.00000000E+002,3.45732117E+001,-1.21518307E+001
9.02500000E+002,4.74424553E+001,-3.33791466E+001
9.05000000E+002,1.47969398E+001,-7.22387466E+001
9.07500000E+002,-3.21778984E+001,-4.52983513E+001
9.10000000E+002,-2.45805664E+001,-1.40730562E+001
9.12500000E+002,-1.64629879E+001,-8.44560909E+000
9.15000000E+002,-1.15945253E+001,-3.69762039E+000
9.17500000E+002,-7.68470335E+000,-2.97840095E+000
9.20000000E+002,-6.03235769E+000,-1.83900201E+000
9.22500000E+002,-3.84209609E+000,-1.30583310E+000
9.25000000E+002,-2.96532154E+000,-1.21534407E+000
9.27500000E+002,-1.89378047E+000,-6.41383111E-001
9.30000000E+002,-1.06934094E+000,-7.35140979E-001
9.32500000E+002,-5.99775195E-001,-4.70208466E-001
9.35000000E+002,1.10290721E-001,-4.16012466E-001
9.37500000E+002,3.83960426E-001,-4.22131211E-001
9.40000000E+002,8.54442418E-001,-2.05234185E-001
9.42500000E+002,1.16234291E+000,-3.07690680E-001
9.45000000E+002,1.35017097E+000,-1.51768833E-001
9.47500000E+002,1.68464208E+000,-1.65956557E-001
9.50000000E+002,1.79727769E+000,-1.51625022E-001
9.52500000E+002,2.05426407E+000,-3.65205854E-002
9.55000000E+002,2.21107173E+000,-1.39463380E-001
9.57500000E+002,2.32207131E+000,-2.82900240E-002
9.60000000E+002,2.53984046E+000,-5.81280924E-002
9.62500000E+002,2.60256004E+000,-2.86291130E-002
9.65000000E+002,2.88975239E+000,6.06490485E-002
9.67500000E+002,3.00159979E+000,-1.92763686E-001
9.70000000E+002,2.93151236E+000,-1.91922680E-001
9.72500000E+002,2.95594382E+000,-1.91999227E-001
9.75000000E+002,2.90464807E+000,-1.04047701E-001
9.77500000E+002,3.03269577E+000,-4.17353995E-002
9.80000000E+002,3.05706191E+000,-9.45330486E-002
9.82500000E+002,3.09150171E+000,-4.48955782E-003
9.85000000E+002,3.17853141E+000,-3.56417224E-002
9.87500000E+002,3.16175866E+000,2.50183046E-002
9.90000000E+002,3.30644226E+000,6.23375364E-002
9.92500000E+002,3.29378223E+000,5.10666668E-002
9.95000000E+002,3.40619826E+000,1.33989424E-001
9.97500000E+002,3.49808693E+000,8.01843554E-002
1.00000000E+003,3.50426817E+000,4.54350896E-002
1.00250000E+003,3.53483605E+000,8.89801830E-002
1.00500000E+003,3.56492043E+000,7.87658840E-002
1.00750000E+003,3.63122272E+000,1.53548494E-001
1.01000000E+003,3.81994796E+000,6.78860694E-002
1.01250000E+003,3.73011518E+000,-1.37291774E-001
1.01500000E+003,3.62834668E+000,-5.58524616E-002
1.01750000E+003,3.65189624E+000,-2.05640718E-002
1.02000000E+003,3.68962026E+000,1.12517104E-002
1.02250000E+003,3.70366049E+000,-3.39492820E-002
1.02500000E+003,3.64281321E+000,-2.20202710E-002
1.02750000E+003,3.68664336E+000,2.02173777E-002
1.03000000E+003,3.68113852E+000,1.29467645E-003
1.03250000E+003,3.69490123E+000,9.51715466E-003
1.03500000E+003,3.68248510E+000,1.54103544E-002
1.03750000E+003,3.71192336E+000,5.67593090E-002
1.04000000E+003,3.78343773E+000,1.61819812E-002
1.04250000E+003,3.73662615E+000,-1.25960596E-002
1.04500000E+003,3.77203083E+000,2.61789486E-002
1.04750000E+003,3.77186918E+000,-2.16559786E-002
1.05000000E+003,3.72971034E+000,-1.17611708E-002
1.05250000E+003,3.73365307E+000,8.12379085E-003
1.05500000E+003,3.73024487E+000,8.52696598E-003
1.05750000E+003,3.72185397E+000,1.36254067E-002
1.06000000E+003,3.72016883E+000,2.55945958E-002
1.06250000E+003,3.74954224E+000,3.07013337E-002
1.06500000E+003,3.74998307E+000,-2.19558075E-004
1.06750000E+003,3.74162316E+000,-3.50348256E-003
1.07000000E+003,3.73152208E+000,1.29548050E-002
1.07250000E+003,3.71176553E+000,2.58233268E-002
1.07500000E+003,3.73922396E+000,5.13026528E-002
1.07750000E+003,3.74004173E+000,-1.31447082E-002
1.08000000E+003,3.66354346E+000,1.30898235E-002
1.08250000E+003,3.69953609E+000,6.31860644E-002
1.08500000E+003,3.73145723E+000,2.70754509E-002
1.08750000E+003,3.68208432E+000,3.21984589E-002
1.09000000E+003,3.70007968E+000,4.50464934E-002
1.09250000E+003,3.70328760E+000,5.07120825E-002
1.09500000E+003,3.72590637E+000,5.97730055E-002
1.09750000E+003,3.73371601E+000,1.75006874E-002
1.10000000E+003,3.69455290E+000,3.96230333E-002
1.10250000E+003,3.68357396E+000,2.32592206E-002
1.10500000E+003,3.67134047E+000,4.08753864E-002
1.10750000E+003,3.69663382E+000,-1.29883830E-003
1.11000000E+003,3.61702347E+000,-3.57054621E-002
1.11250000E+003,3.59481049E+000,-1.26577616E-002
1.11500000E+003,3.56849432E+000,-6.31872192E-002
1.11750000E+003,3.48562002E+000,-1.96636524E-002
1.12000000E+003,3.56381989E+000,9.24282521E-003
1.12250000E+003,3.52512407E+000,-7.21425116E-002
1.12500000E+003,3.45425177E+000,-4.96351644E-002
1.12750000E+003,3.45573664E+000,-3.73043530E-002
1.13000000E+003,3.42181301E+000,-4.94387411E-002
1.13250000E+003,3.37185550E+000,-4.27961200E-002
1.13500000E+003,3.30418015E+000,-3.72317918E-002
1.13750000E+003,3.25348663E+000,1.60677172E-002
1.14000000E+003,3.25318646E+000,8.37783143E-002
1.14250000E+003,3.24871922E+000,5.26213683E-002
1.14500000E+003,3.17735958E+000,8.20561647E-002
1.14750000E+003,3.14532185E+000,1.33523554E-001
1.15000000E+003,3.14042854E+000,2.19522759E-001
1.15250000E+003,3.16244531E+000,2.62256235E-001
1.15500000E+003,3.14360356E+000,2.88644552E-001
1.15750000E+003,3.09881544E+000,3.78745764E-001
1.16000000E+003,3.14870358E+000,5.48896015E-001
1.16250000E+003,3.16176653E+000,6.52668536E-001
1.16500000E+003,3.25632977E+000,1.02469599E+000
1.16750000E+003,3.61696649E+000,1.25384843E+000
1.17000000E+003,3.88792086E+000,2.45737910E+000
1.17250000E+003,8.51299477E+000,2.85370779E+000
1.17500000E+003,9.53954983E+000,-4.47045994E+000
1.17750000E+003,3.33054352E+000,-5.49188280E+000
1.18000000E+003,2.48287368E+000,-3.38165998E+000
1.18250000E+003,2.11949921E+000,-3.02606988E+000
1.18500000E+003,1.83172417E+000,-2.45663786E+000
1.18750000E+003,1.72890377E+000,-2.40548873E+000
1.19000000E+003,1.50302649E+000,-2.23029065E+000
1.19250000E+003,1.38997424E+000,-2.15324283E+000
1.19500000E+003,1.13669026E+000,-2.21900105E+000
1.19750000E+003,8.97428989E-001,-2.23053098E+000
1.20000000E+003,6.39653981E-001,-2.23256183E+000
1.20250000E+003,4.87791419E-001,-2.22068334E+000
1.20500000E+003,1.49644122E-001,-2.42988133E+000
1.20750000E+003,-1.41086444E-001,-2.41277027E+000
1.21000000E+003,-4.52324122E-001,-2.50065613E+000
1.21250000E+003,-9.34748054E-001,-2.63079381E+000
1.21500000E+003,-1.21258128E+000,-2.81287813E+000
1.21750000E+003,-1.74487710E+000,-3.03840375E+000
1.22000000E+003,-2.17792821E+000,-3.01503754E+000
1.22250000E+003,-2.76111364E+000,-3.44670320E+000
1.22500000E+003,-3.75144124E+000,-3.41073680E+000
1.22750000E+003,-4.25582838E+000,-3.65323210E+000
1.23000000E+003,-5.57329702E+000,-4.24702883E+000
1.23250000E+003,-6.56523323E+000,-3.97088170E+000
1.23500000E+003,-8.01226997E+000,-5.12881613E+000
1.23750000E+003,-1.03584471E+001,-4.57337999E+000
1.24000000E+003,-1.12691050E+001,-5.15127659E+000
1.24250000E+003,-1.56363688E+001,-6.69916630E+000
1.24500000E+003,-1.90083714E+001,-5.57907152E+000
1.24750000E+003,-2.59463501E+001,-9.14082909E+000
1.25000000E+003,-3.96906281E+001,-4.34491301E+000
1.25250000E+003,-5.22962265E+001,-4.37857008E+000
1.25500000E+003,-1.10666542E+002,3.33494453E+001
1.25750000E+003,-5.07453728E+001,1.57352554E+002
1.26000000E+003,7.48428040E+001,1.02509209E+002
1.26250000E+003,5.71684303E+001,3.50116272E+001
1.26500000E+003,4.71795197E+001,2.55689926E+001
1.26750000E+003,4.02534447E+001,1.22029867E+001
1.27000000E+003,3.36849365E+001,9.87777138E+000
1.27250000E+003,3.20569687E+001,6.56312990E+000
1.27500000E+003,2.95852757E+001,3.93098569E+000
1.27750000E+003,2.89609528E+001,2.41350436E+000
